kind	element	cassette_key	system_tokens	user_tokens	input_tokens	output_tokens
METHOD_ENTRY	io.netty.util.ResourceLeakDetectorFactory#newResourceLeakDetector(Class<T>,int):ResourceLeakDetector<T>	5620c706d019b93a537f	413	878	1302	107
METHOD_EXIT	io.netty.util.ResourceLeakDetectorFactory#newResourceLeakDetector(Class<T>,int):ResourceLeakDetector<T>	3f1455b9349f317e6d40	455	958	1424	207
METHOD_ENTRY	io.netty.util.ResourceLeakDetectorFactory#newResourceLeakDetector(Class<T>):ResourceLeakDetector<T>	e4fb7eb775eaf93e04cd	413	848	1272	228
METHOD_ENTRY	io.netty.util.ResourceLeakDetectorFactory#setResourceLeakDetectorFactory(ResourceLeakDetectorFactory):void	2471d0439f464d9d78ec	413	841	1265	306
METHOD_ENTRY	io.netty.util.ResourceLeakDetectorFactory#instance():ResourceLeakDetectorFactory	1ceee65aec84611dabe8	413	817	1241	96
METHOD_EXIT	io.netty.util.ResourceLeakDetectorFactory#instance():ResourceLeakDetectorFactory	7998f694a85ca08f7400	455	894	1360	157
METHOD_EXIT	io.netty.util.ResourceLeakDetectorFactory#setResourceLeakDetectorFactory(ResourceLeakDetectorFactory):void	435cb0b1284e2f5c28c4	455	852	1318	146
METHOD_EXIT	io.netty.util.ResourceLeakDetectorFactory#newResourceLeakDetector(Class<T>):ResourceLeakDetector<T>	1f406035f6e2dddebfe8	455	928	1394	247
METHOD_ENTRY	io.netty.util.ResourceLeakDetectorFactory#newResourceLeakDetector(Class<T>,int):ResourceLeakDetector<T>	5620c706d019b93a537f	413	878	1302	107
METHOD_EXIT	io.netty.util.ResourceLeakDetectorFactory#newResourceLeakDetector(Class<T>,int,long):ResourceLeakDetector<T>	61ddc20e4d6702f98c95	455	1128	1594	259
METHOD_ENTRY	io.netty.util.ResourceLeakDetectorFactory#customClassConstructor(String):Constructor<?>	2cc40153bd86714d019e	413	936	1360	236
METHOD_ENTRY	io.netty.util.DefaultResourceLeakDetectorFactory#obsoleteCustomClassConstructor(String):Constructor<?>	4a117317f29385af26fa	413	511	935	240
METHOD_ENTRY	io.netty.util.ResourceLeakDetectorFactory#obsoleteCustomClassConstructor(String):Constructor<?>	ae20637b416b343d9b6f	413	941	1365	229
METHOD_EXIT	io.netty.util.ResourceLeakDetectorFactory#newResourceLeakDetector(Class<T>,int):ResourceLeakDetector<T>	3f1455b9349f317e6d40	455	958	1424	207
METHOD_EXIT	io.netty.util.ResourceLeakDetectorFactory#obsoleteCustomClassConstructor(String):Constructor<?>	f189df66d0c4a77ef25b	455	1019	1485	345
METHOD_ENTRY	io.netty.util.ResourceLeakDetectorFactory#newResourceLeakDetector(Class<T>,int,long):ResourceLeakDetector<T>	6a129da1a4a3757b0b21	413	1048	1472	205
METHOD_EXIT	io.netty.util.DefaultResourceLeakDetectorFactory#customClassConstructor(String):Constructor<?>	82a974a0a23e04a29999	455	584	1050	343
METHOD_ENTRY	io.netty.util.DefaultResourceLeakDetectorFactory#customClassConstructor(String):Constructor<?>	92ba4c941da4c2931556	413	506	930	188
METHOD_EXIT	io.netty.util.ResourceLeakDetectorFactory#customClassConstructor(String):Constructor<?>	5e965eba34ef2eb5c8c7	455	1014	1480	447
METHOD_ENTRY	io.netty.util.DefaultResourceLeakDetectorFactory#newResourceLeakDetector(Class<T>,int):ResourceLeakDetector<T>	80f3f5b8985cd5a469a7	413	448	872	167
METHOD_EXIT	io.netty.util.DefaultResourceLeakDetectorFactory#obsoleteCustomClassConstructor(String):Constructor<?>	50425c2c9f031b9344f2	455	589	1055	377
METHOD_ENTRY	io.netty.util.TimerTask#cancelled(Timeout):void	dd89a57c46410be51658	413	524	948	143
METHOD_EXIT	io.netty.util.ByteProcessor#process(byte):boolean	0fd7a171ebc161bca6ab	455	677	1143	252
METHOD_EXIT	io.netty.util.ByteProcessor#process(byte):boolean	0fd7a171ebc161bca6ab	455	677	1143	252
METHOD_ENTRY	io.netty.util.DefaultResourceLeakDetectorFactory#newResourceLeakDetector(Class<T>,int,long):ResourceLeakDetector<T>	16bccdddcda11775e5f4	413	618	1042	237
METHOD_EXIT	io.netty.util.TimerTask#cancelled(Timeout):void	0075df0b6984d1d849dd	455	535	1001	114
METHOD_ENTRY	io.netty.util.ByteProcessor#process(byte):boolean	5206811794a01806b685	413	600	1024	221
METHOD_EXIT	io.netty.util.DefaultResourceLeakDetectorFactory#newResourceLeakDetector(Class<T>,int):ResourceLeakDetector<T>	3d47202bed8287c9ac63	455	528	994	249
METHOD_EXIT	io.netty.util.DefaultResourceLeakDetectorFactory#newResourceLeakDetector(Class<T>,int,long):ResourceLeakDetector<T>	9ada8d3c46812c95b743	455	698	1164	251
METHOD_ENTRY	io.netty.util.ByteProcessor#process(byte):boolean	5206811794a01806b685	413	600	1024	221
METHOD_EXIT	io.netty.util.ByteProcessor#process(byte):boolean	0fd7a171ebc161bca6ab	455	677	1143	252
METHOD_ENTRY	io.netty.util.ByteProcessor#process(byte):boolean	5206811794a01806b685	413	600	1024	221
METHOD_ENTRY	io.netty.util.ByteProcessor#process(byte):boolean	5206811794a01806b685	413	600	1024	221
METHOD_ENTRY	io.netty.util.ByteProcessor#process(byte):boolean	5206811794a01806b685	413	600	1024	221
METHOD_EXIT	io.netty.util.ByteProcessor#process(byte):boolean	0fd7a171ebc161bca6ab	455	677	1143	252
METHOD_EXIT	io.netty.util.ByteProcessor#process(byte):boolean	0fd7a171ebc161bca6ab	455	677	1143	252
METHOD_ENTRY	io.netty.util.ByteProcessor#process(byte):boolean	5206811794a01806b685	413	600	1024	221
METHOD_EXIT	io.netty.util.ByteProcessor#process(byte):boolean	0fd7a171ebc161bca6ab	455	677	1143	252
METHOD_ENTRY	io.netty.util.IndexNotOfProcessor#process(byte):boolean	cc2f848cf79742aac1af	413	390	814	126
METHOD_EXIT	io.netty.util.IndexOfProcessor#process(byte):boolean	407393906fd52c3ba494	455	466	932	164
METHOD_EXIT	io.netty.util.IndexNotOfProcessor#process(byte):boolean	4c601119ce5906c0f978	455	467	933	214
METHOD_EXIT	io.netty.util.NetUtilInitializations#createLocalhost4():Inet4Address	ae36d3788f379dbc05ac	455	639	1105	294
METHOD_ENTRY	io.netty.util.NetUtilInitializations#networkInterfaces():Collection<NetworkInterface>	c612c05c83ad5e202f8c	413	621	1045	79
METHOD_ENTRY	io.netty.util.IndexOfProcessor#process(byte):boolean	6f06052466bedf217d0c	413	389	813	136
METHOD_EXIT	io.netty.util.NetUtilInitializations#createLocalhost6():Inet6Address	45dd8ec2ca0e58f0accd	455	675	1141	724
METHOD_ENTRY	io.netty.util.NetUtilInitializations#determineLoopback(Collection<NetworkInterface>,Inet4Address,Inet6Address):NetworkIfaceAndInetAddress	0d1496b2282f46120be1	413	1182	1606	260
METHOD_ENTRY	io.netty.util.NetUtilInitializations#createLocalhost4():Inet4Address	f9864b412f50a1854b20	413	563	987	34
METHOD_EXIT	io.netty.util.NetUtilInitializations#iface():NetworkInterface	8a61906c7c5a2bc42b9e	455	541	1007	233
METHOD_EXIT	io.netty.util.NetUtilInitializations#networkInterfaces():Collection<NetworkInterface>	4bc0978e3f9aaa4127db	455	698	1164	249
METHOD_ENTRY	io.netty.util.NetUtilInitializations#createLocalhost6():Inet6Address	070c2afa1d324ded8b83	413	599	1023	350
METHOD_ENTRY	io.netty.util.NetUtilInitializations#address():InetAddress	0f548adc4081ba2948e2	413	466	890	57
METHOD_ENTRY	io.netty.util.NetUtilInitializations#iface():NetworkInterface	9d247886d6541b53aa0b	413	466	890	126
METHOD_EXIT	io.netty.util.NetworkIfaceAndInetAddress#iface():NetworkInterface	0f78493b2364457f7695	455	456	922	285
METHOD_EXIT	io.netty.util.NetUtilInitializations#address():InetAddress	ade753c9af88ea466024	455	541	1007	300
METHOD_EXIT	io.netty.util.NetworkIfaceAndInetAddress#address():InetAddress	0abd2732cfe621ecac92	455	456	922	283
METHOD_ENTRY	io.netty.util.NetworkIfaceAndInetAddress#iface():NetworkInterface	0447da7fc5da7e5663ed	413	381	805	50
METHOD_ENTRY	io.netty.util.NetworkIfaceAndInetAddress#address():InetAddress	26939fc0e22f8fe8ac7e	413	381	805	54
METHOD_EXIT	io.netty.util.Version#identify():Map<String, Version>	ac3d532503df66a8b560	455	889	1355	318
METHOD_ENTRY	io.netty.util.Version#identify(ClassLoader):Map<String, Version>	c1f6edd4b3a3833866e1	413	1279	1703	313
METHOD_EXIT	io.netty.util.NetUtilInitializations#determineLoopback(Collection<NetworkInterface>,Inet4Address,Inet6Address):NetworkIfaceAndInetAddress	52642916ec66f92c477d	455	1263	1729	357
METHOD_ENTRY	io.netty.util.Version#identify():Map<String, Version>	06601da53cfeb0d598df	413	812	1236	58
METHOD_EXIT	io.netty.util.Version#identify(ClassLoader):Map<String, Version>	a45953c3d5e337f65c3e	455	1359	1825	297
METHOD_EXIT	io.netty.util.Version#main(String[]):void	40ee5e421f108a8ac3bc	455	835	1301	207
METHOD_ENTRY	io.netty.util.Version#artifactId():String	14126b05060997f499bd	413	805	1229	202
METHOD_ENTRY	io.netty.util.Version#parseIso8601(String):long	7014ebd25881db308cbf	413	850	1274	317
METHOD_ENTRY	io.netty.util.Version#buildTimeMillis():long	06d39ab6b0fe1d6d39b5	413	808	1232	283
METHOD_EXIT	io.netty.util.Version#buildTimeMillis():long	2ad2f2924d454cc5b1f2	455	882	1348	150
METHOD_ENTRY	io.netty.util.Version#artifactVersion():String	4344d73eea05dced470e	413	805	1229	227
METHOD_EXIT	io.netty.util.Version#parseIso8601(String):long	35e39a5b30c202a1c8be	455	927	1393	367
METHOD_ENTRY	io.netty.util.Version#main(String[]):void	6ff4ca0f676289c3f08f	413	824	1248	220
METHOD_EXIT	io.netty.util.Version#commitTimeMillis():long	4ae8f6947e3b4a175ed7	455	882	1348	151
METHOD_ENTRY	io.netty.util.Version#commitTimeMillis():long	70199393f38094a3a3d5	413	808	1232	199
METHOD_EXIT	io.netty.util.Version#artifactId():String	9b73a9ee1bc68b3cb5e4	455	879	1345	239
METHOD_EXIT	io.netty.util.Version#shortCommitHash():String	d61e4c05d8a12029e529	455	882	1348	201
METHOD_EXIT	io.netty.util.Version#artifactVersion():String	bfc38ad6bb57ff3679ce	455	879	1345	2093
METHOD_ENTRY	io.netty.util.Version#shortCommitHash():String	74a5ececd63ffcc5214d	413	808	1232	226
METHOD_EXIT	io.netty.util.Version#toString():String	f610cdb9f7a8b4f291da	455	914	1380	294
METHOD_ENTRY	io.netty.util.Version#repositoryStatus():String	396148e6f9dafb8d1dfb	413	805	1229	253
METHOD_ENTRY	io.netty.util.Version#longCommitHash():String	090a4dbc1a848288d7e7	413	808	1232	319
METHOD_ENTRY	io.netty.util.DefaultAttributeMap#searchAttributeByKey(DefaultAttribute[],AttributeKey<?>):int	48593ddfe14afa174026	413	801	1225	313
METHOD_EXIT	io.netty.util.Version#longCommitHash():String	4ebbfa9047765f8fd084	455	882	1348	196
METHOD_EXIT	io.netty.util.Version#repositoryStatus():String	3df01d2fe0a54d63b950	455	879	1345	205
METHOD_ENTRY	io.netty.util.DefaultAttributeMap#orderedCopyOnInsert(DefaultAttribute[],int,DefaultAttribute[],DefaultAttribute):void	145e57cae80d968a6c23	413	835	1259	310
METHOD_EXIT	io.netty.util.DefaultAttributeMap#searchAttributeByKey(DefaultAttribute[],AttributeKey<?>):int	a6c7d1a6dd4e0eb8d01e	455	878	1344	377
METHOD_ENTRY	io.netty.util.Version#toString():String	857f05b4a3ce2458b7fe	413	840	1264	267
METHOD_EXIT	io.netty.util.DefaultAttributeMap#hasAttr(AttributeKey<T>):boolean	0db61eddd5b1778537b6	455	733	1199	295
METHOD_ENTRY	io.netty.util.DefaultAttributeMap#attr(AttributeKey<T>):Attribute<T>	e7cd80b4b7a6b84aeab4	413	892	1316	98
METHOD_EXIT	io.netty.util.DefaultAttributeMap#attr(AttributeKey<T>):Attribute<T>	6eb1615c89eedcd8a882	455	970	1436	269
METHOD_ENTRY	io.netty.util.DefaultAttributeMap#hasAttr(AttributeKey<T>):boolean	fb5a4eb1a01727889ac1	413	656	1080	281
METHOD_EXIT	io.netty.util.DefaultAttributeMap#key():AttributeKey<T>	9425e377f30e22d6f0c6	455	700	1166	238
METHOD_ENTRY	io.netty.util.DefaultAttributeMap#key():AttributeKey<T>	8a8c79483121956b9275	413	624	1048	63
METHOD_EXIT	io.netty.util.DefaultAttributeMap#orderedCopyOnInsert(DefaultAttribute[],int,DefaultAttribute[],DefaultAttribute):void	ab6031ba8a857e04996f	455	846	1312	369
METHOD_ENTRY	io.netty.util.DefaultAttributeMap#removeAttributeIfMatch(AttributeKey<T>,DefaultAttribute<T>):void	11ac3f0b5499ce40fd46	413	853	1277	261
METHOD_EXIT	io.netty.util.DefaultAttributeMap#setIfAbsent(T):T	d13e1793aef69bab1022	455	736	1202	290
METHOD_EXIT	io.netty.util.DefaultAttributeMap#removeAttributeIfMatch(AttributeKey<T>,DefaultAttribute<T>):void	c56efccb0c9dc0fa8460	455	864	1330	360
METHOD_EXIT	io.netty.util.DefaultAttributeMap#isRemoved():boolean	56506bc7b7e35c385ad9	455	694	1160	136
METHOD_ENTRY	io.netty.util.DefaultAttributeMap#isRemoved():boolean	5cfe974d12986e220a46	413	620	1044	247
METHOD_EXIT	io.netty.util.DefaultAttributeMap#remove():void	4b6055bd7d8578288972	455	684	1150	335
METHOD_ENTRY	io.netty.util.DefaultAttributeMap#getAndRemove():T	024eb8749e7e3e00ea2a	413	687	1111	271
METHOD_ENTRY	io.netty.util.DefaultAttributeMap#remove():void	48455cd9866dc2f9c191	413	673	1097	148
METHOD_ENTRY	io.netty.util.DefaultAttributeMap#setIfAbsent(T):T	aa4827ce650dbaa412a9	413	659	1083	135
METHOD_EXIT	io.netty.util.DefaultAttribute#isRemoved():boolean	7ea9ba425b88d734a326	455	455	921	204
METHOD_ENTRY	io.netty.util.DefaultAttribute#isRemoved():boolean	ffd2d695dab218dcafd9	413	381	805	96
METHOD_EXIT	io.netty.util.DefaultAttribute#key():AttributeKey<T>	7671b1fb3ea85faebeab	455	461	927	162
METHOD_EXIT	io.netty.util.DefaultAttributeMap#getAndRemove():T	f2ae4be1a1fe10d7db67	455	761	1227	172
METHOD_ENTRY	io.netty.util.DefaultAttribute#setIfAbsent(T):T	d4ba3cf0f0e02db3eda4	413	420	844	223
METHOD_EXIT	io.netty.util.DefaultAttribute#getAndRemove():T	a238a83eeac235736d91	455	522	988	170
METHOD_EXIT	io.netty.util.DefaultAttribute#remove():void	f7aeebb695c7608f3420	455	445	911	259
METHOD_ENTRY	io.netty.util.DefaultAttribute#key():AttributeKey<T>	ab0d772213b55826c3da	413	385	809	77
METHOD_ENTRY	io.netty.util.DefaultAttribute#getAndRemove():T	a8c17e44f2fcfd33602c	413	448	872	254
METHOD_EXIT	io.netty.util.DefaultAttribute#setIfAbsent(T):T	41ca2aa7d1c233a5c862	455	497	963	189
METHOD_ENTRY	io.netty.util.DefaultAttribute#remove():void	97ff6425ec3cd71f4df4	413	434	858	232
METHOD_ENTRY	io.netty.util.LeakPresenceDetector#inStaticInitializerFast():boolean	b6993805f3d7bf72fdf1	413	1564	1988	267
METHOD_EXIT	io.netty.util.LeakPresenceDetector#staticInitializer(Supplier<R>):R	139d754905f180b3a78f	455	1682	2148	287
METHOD_EXIT	io.netty.util.LeakPresenceDetector#inStaticInitializerSlow(StackTraceElement[]):boolean	9d22c2e681926984e666	455	1649	2115	344
METHOD_EXIT	io.netty.util.LeakPresenceDetector#inStaticInitializerFast():boolean	fc56be9001705ce957f8	455	1638	2104	261
METHOD_ENTRY	io.netty.util.LeakPresenceDetector#track(T):ResourceLeakTracker<T>	fb84e1a9728fed71f58a	413	1552	1976	239
METHOD_EXIT	io.netty.util.LeakPresenceDetector#currentScope():ResourceScope	aacd4a3922825ea827be	455	1600	2066	101
METHOD_EXIT	io.netty.util.LeakPresenceDetector#track(T):ResourceLeakTracker<T>	43b639708e9490bb1c5f	455	1632	2098	349
METHOD_ENTRY	io.netty.util.LeakPresenceDetector#inStaticInitializerSlow(StackTraceElement[]):boolean	ffa4552e4ed62e5b9add	413	1572	1996	350
METHOD_ENTRY	io.netty.util.LeakPresenceDetector#staticInitializer(Supplier<R>):R	80afa06a282c833d3115	413	1605	2029	269
METHOD_ENTRY	io.netty.util.LeakPresenceDetector#isRecordEnabled():boolean	3f512519af6257f2e2e9	413	1524	1948	49
METHOD_EXIT	io.netty.util.LeakPresenceDetector#trackForcibly(T):ResourceLeakTracker<T>	0bbcea6c407543f7b50b	455	1624	2090	270
METHOD_ENTRY	io.netty.util.LeakPresenceDetector#trackForcibly(T):ResourceLeakTracker<T>	91ee6fb749029ed5155d	413	1544	1968	148
METHOD_ENTRY	io.netty.util.LeakPresenceDetector#currentScope():ResourceScope	3dc5040040ed9060f921	413	1525	1949	169
METHOD_ENTRY	io.netty.util.LeakPresenceDetector#check():void	e19faa71947fb19156a0	413	1619	2043	249
METHOD_EXIT	io.netty.util.LeakPresenceDetector#record():void	29902dc44e67a5fc3656	455	1526	1992	57
METHOD_EXIT	io.netty.util.LeakPresenceDetector#check():void	344ec21dec5af8c16a91	455	1630	2096	166
METHOD_ENTRY	io.netty.util.LeakPresenceDetector#record(Object):void	6f6f78bd0d34bc23e758	413	1520	1944	288
METHOD_EXIT	io.netty.util.LeakPresenceDetector#close(Object):boolean	83eda3b39398d266fae5	455	1651	2117	356
METHOD_EXIT	io.netty.util.LeakPresenceDetector#isRecordEnabled():boolean	236a76dbfe93baef9cf8	455	1598	2064	47
METHOD_ENTRY	io.netty.util.LeakPresenceDetector#record():void	2520e9f0e6524d421494	413	1515	1939	5
METHOD_EXIT	io.netty.util.LeakPresenceDetector#record(Object):void	1db8f22ce5a2b6b2777c	455	1531	1997	300
METHOD_ENTRY	io.netty.util.LeakPresenceDetector#check():void	e19faa71947fb19156a0	413	1619	2043	249
METHOD_EXIT	io.netty.util.LeakPresenceDetector#check():void	344ec21dec5af8c16a91	455	1630	2096	166
METHOD_ENTRY	io.netty.util.LeakPresenceDetector#close(Object):boolean	3074a3f095083f7d3b5b	413	1574	1998	236
METHOD_ENTRY	io.netty.util.LeakPresenceDetector#checkOpen():void	a3e0f392376606ae1ce8	413	1542	1966	172
METHOD_EXIT	io.netty.util.LeakPresenceDetector#hasOpenResources():boolean	9271a6ae9e70b886e7ce	455	1601	2067	307
METHOD_ENTRY	io.netty.util.LeakPresenceDetector#hasOpenResources():boolean	5e97803d951e3d0be587	413	1527	1951	206
METHOD_ENTRY	io.netty.util.LeakPresenceDetector#getMessage():String	b992eeb7157e47cab8a5	413	1612	2036	56
METHOD_EXIT	io.netty.util.PresenceTracker#record():void	b3f004a62794ef0b4287	455	388	854	5
METHOD_EXIT	io.netty.util.LeakPresenceDetector#checkOpen():void	428f1b274408fc235f40	455	1553	2019	95
METHOD_EXIT	io.netty.util.LeakPresenceDetector#close():void	277171fb9d566a8109ed	455	1540	2006	288
METHOD_EXIT	io.netty.util.PresenceTracker#record(Object):void	96fcda4c7ab47156d402	455	393	859	58
METHOD_ENTRY	io.netty.util.PresenceTracker#close(Object):boolean	8385a490f2a8e416512d	413	436	860	246
METHOD_EXIT	io.netty.util.LeakPresenceDetector#getMessage():String	29157910d6f4b3647295	455	1686	2152	311
METHOD_EXIT	io.netty.util.ResourceScope#checkOpen():void	94dcc99553e4e330b432	455	413	879	60
METHOD_ENTRY	io.netty.util.LeakPresenceDetector#close():void	f14c834ee72a90402a90	413	1529	1953	186
METHOD_ENTRY	io.netty.util.ResourceScope#check():void	db95af379745c0cf152d	413	479	903	336
METHOD_ENTRY	io.netty.util.PresenceTracker#record(Object):void	456bd57ba379af7f58f8	413	382	806	111
METHOD_ENTRY	io.netty.util.PresenceTracker#record():void	9584498f2ea42249e0fe	413	377	801	5
METHOD_EXIT	io.netty.util.ResourceScope#check():void	e252dd9980cb88eea58f	455	490	956	245
METHOD_ENTRY	io.netty.util.ResourceScope#hasOpenResources():boolean	5310187dcf291af1e6a3	413	387	811	218
METHOD_ENTRY	io.netty.util.ResourceScope#close():void	d6b669ca77286857908b	413	389	813	115
METHOD_ENTRY	io.netty.util.ResourceScope#checkOpen():void	0e849bae9c9c34969383	413	402	826	78
METHOD_EXIT	io.netty.util.PresenceTracker#close(Object):boolean	220fafb76602df9174cb	455	513	979	266
METHOD_ENTRY	io.netty.util.DomainNameMapping#add(String,V):DomainNameMapping<V>	15c083e9e87253d9e734	413	793	1217	267
METHOD_ENTRY	io.netty.util.DomainNameMapping#matches(String,String):boolean	dc5a788bcb875f6136fe	413	811	1235	240
METHOD_EXIT	io.netty.util.DomainNameMapping#add(String,V):DomainNameMapping<V>	fc21d9950248f1e64146	455	873	1339	154
METHOD_ENTRY	io.netty.util.DomainNameMapping#normalizeHostname(String):String	c39dcbf2c26e6706849c	413	785	1209	258
METHOD_EXIT	io.netty.util.LeakCreation#getMessage():String	952bc786c27017bd2a4b	455	547	1013	310
METHOD_ENTRY	io.netty.util.DomainNameMapping#needsNormalization(String):boolean	13f755a80614a00aef14	413	805	1229	292
METHOD_EXIT	io.netty.util.DomainNameMapping#needsNormalization(String):boolean	2de60c2dbfb932cb6208	455	882	1348	329
METHOD_EXIT	io.netty.util.DomainNameMapping#map(String):V	c9930f9ba11457ea5536	455	885	1351	312
METHOD_EXIT	io.netty.util.DomainNameMapping#normalizeHostname(String):String	0bdcff468f3e87256301	455	862	1328	286
METHOD_EXIT	io.netty.util.DomainNameMapping#matches(String,String):boolean	c51d4ec1b805db3371de	455	888	1354	565
METHOD_EXIT	io.netty.util.DomainNameMapping#asMap():Map<String, V>	d63177ce738acf913a0b	455	833	1299	319
METHOD_EXIT	io.netty.util.ResourceScope#hasOpenResources():boolean	81e0d70ac4253f030ce7	455	461	927	272
METHOD_ENTRY	io.netty.util.DomainNameMapping#asMap():Map<String, V>	88932981f229c17ad2e2	413	756	1180	260
METHOD_ENTRY	io.netty.util.DomainNameMapping#map(String):V	130f11438612ca1a8989	413	808	1232	292
METHOD_ENTRY	io.netty.util.LeakCreation#getMessage():String	52c10e2d97be959b4cfc	413	473	897	210
METHOD_EXIT	io.netty.util.ResourceScope#close():void	b6f10332f47e63894ae0	455	400	866	308
METHOD_ENTRY	io.netty.util.DomainNameMapping#toString():String	9c0cebfd5d2c46fd8c5a	413	772	1196	287
METHOD_EXIT	io.netty.util.DomainNameMapping#toString():String	ec30b74964af30824116	455	846	1312	300
METHOD_ENTRY	io.netty.util.internal.PlatformDependent0#run():Object	65e9dd2e2c3a75ffdfa1	413	1945	2369	294
METHOD_ENTRY	io.netty.util.internal.PlatformDependent0#run():Object	65e9dd2e2c3a75ffdfa1	413	1945	2369	294
METHOD_ENTRY	io.netty.util.internal.PlatformDependent0#run():Object	65e9dd2e2c3a75ffdfa1	413	1945	2369	294
METHOD_ENTRY	io.netty.util.internal.PlatformDependent0#run():Object	65e9dd2e2c3a75ffdfa1	413	1945	2369	294
METHOD_EXIT	io.netty.util.internal.PlatformDependent0#run():Object	e128294131540036ca31	455	1956	2422	291
METHOD_EXIT	io.netty.util.internal.PlatformDependent0#run():Object	e128294131540036ca31	455	1956	2422	291
METHOD_ENTRY	io.netty.util.internal.PlatformDependent0#run():Object	65e9dd2e2c3a75ffdfa1	413	1945	2369	294
METHOD_ENTRY	io.netty.util.internal.PlatformDependent0#run():Object	65e9dd2e2c3a75ffdfa1	413	1945	2369	294
METHOD_EXIT	io.netty.util.internal.PlatformDependent0#run():Object	e128294131540036ca31	455	1956	2422	291
METHOD_ENTRY	io.netty.util.internal.PlatformDependent0#run():Object	65e9dd2e2c3a75ffdfa1	413	1945	2369	294
METHOD_EXIT	io.netty.util.internal.PlatformDependent0#run():Object	e128294131540036ca31	455	1956	2422	291
METHOD_EXIT	io.netty.util.internal.PlatformDependent0#run():Object	e128294131540036ca31	455	1956	2422	291
METHOD_EXIT	io.netty.util.internal.PlatformDependent0#run():Object	e128294131540036ca31	455	1956	2422	291
METHOD_EXIT	io.netty.util.internal.PlatformDependent0#run():Object	e128294131540036ca31	455	1956	2422	291
METHOD_EXIT	io.netty.util.internal.PlatformDependent0#run():Object	e128294131540036ca31	455	1956	2422	291
METHOD_ENTRY	io.netty.util.internal.PlatformDependent0#run():Object	65e9dd2e2c3a75ffdfa1	413	1945	2369	294
METHOD_EXIT	io.netty.util.internal.PlatformDependent0#run():Object	e128294131540036ca31	455	1956	2422	291
METHOD_ENTRY	io.netty.util.internal.PlatformDependent0#run():Object	65e9dd2e2c3a75ffdfa1	413	1945	2369	294
METHOD_EXIT	io.netty.util.internal.PlatformDependent0#run():Object	e128294131540036ca31	455	1956	2422	291
METHOD_ENTRY	io.netty.util.internal.PlatformDependent0#run():Object	65e9dd2e2c3a75ffdfa1	413	1945	2369	294
METHOD_ENTRY	io.netty.util.internal.PlatformDependent0#run():Object	65e9dd2e2c3a75ffdfa1	413	1945	2369	294
METHOD_ENTRY	io.netty.util.internal.PlatformDependent0#run():Object	65e9dd2e2c3a75ffdfa1	413	1945	2369	294
METHOD_EXIT	io.netty.util.internal.PlatformDependent0#run():Object	e128294131540036ca31	455	1956	2422	291
METHOD_EXIT	io.netty.util.internal.PlatformDependent0#run():Object	e128294131540036ca31	455	1956	2422	291
METHOD_ENTRY	io.netty.util.internal.PlatformDependent0#run():Object	65e9dd2e2c3a75ffdfa1	413	1945	2369	294
METHOD_EXIT	io.netty.util.internal.PlatformDependent0#getIsVirtualThreadMethodHandle():MethodHandle	c9f23bea557b298c9623	455	2165	2631	325
METHOD_ENTRY	io.netty.util.internal.PlatformDependent0#isNativeImage():boolean	a428f04caef51f483cfe	413	1968	2392	242
METHOD_EXIT	io.netty.util.internal.PlatformDependent0#run():Object	e128294131540036ca31	455	1956	2422	291
METHOD_ENTRY	io.netty.util.internal.PlatformDependent0#getIsVirtualThreadMethodHandle():MethodHandle	8658be31444dbc403a7a	413	2090	2514	306
METHOD_EXIT	io.netty.util.internal.PlatformDependent0#isExplicitNoUnsafe():boolean	ccf85ff01fb9b80d5489	455	2048	2514	201
METHOD_EXIT	io.netty.util.internal.PlatformDependent0#isVirtualThread(Thread):boolean	2ef4c877c1598c477b6a	455	2122	2588	333
METHOD_ENTRY	io.netty.util.internal.PlatformDependent0#explicitNoUnsafeCause0():Throwable	05e84e750e18eba40fea	413	2389	2813	332
METHOD_ENTRY	io.netty.util.internal.PlatformDependent0#isExplicitNoUnsafe():boolean	cdc45ea0c68d64d7e767	413	1974	2398	284
METHOD_EXIT	io.netty.util.internal.PlatformDependent0#isUnaligned():boolean	627278cf65bc6b1b3611	455	2040	2506	126
METHOD_EXIT	io.netty.util.internal.PlatformDependent0#bitsMaxDirectMemory():long	bfba2cecfb14bdaf68f1	455	2044	2510	172
METHOD_ENTRY	io.netty.util.internal.PlatformDependent0#isVirtualThread(Thread):boolean	3454651a57a83932d437	413	2045	2469	264
METHOD_ENTRY	io.netty.util.internal.PlatformDependent0#isUnaligned():boolean	c8e23b7095988f85856e	413	1966	2390	260
METHOD_EXIT	io.netty.util.internal.PlatformDependent0#hasUnsafe():boolean	07c53a25e95800c49a3d	455	2039	2505	296
METHOD_EXIT	io.netty.util.internal.PlatformDependent0#isNativeImage():boolean	1d7fa9f32eb14e13544e	455	2042	2508	141
METHOD_ENTRY	io.netty.util.internal.PlatformDependent0#bitsMaxDirectMemory():long	6cc28aa6b9cecd9de95a	413	1970	2394	269
METHOD_ENTRY	io.netty.util.internal.PlatformDependent0#getUnsafeUnavailabilityCause():Throwable	7d234477c6505f419d6a	413	1974	2398	280
METHOD_EXIT	io.netty.util.internal.PlatformDependent0#hasMemorySegmentAddressOfBuffer():boolean	eb77638fd55d5bc5698b	455	2051	2517	322
METHOD_EXIT	io.netty.util.internal.PlatformDependent0#explicitNoUnsafeCause0():Throwable	6da4e2e786ce5a9d3a08	455	2463	2929	279
METHOD_ENTRY	io.netty.util.internal.PlatformDependent0#splittableRandomNextBytes(SplittableRandom,byte[]):void	ce70b42d97a472427a75	413	2038	2462	287
METHOD_ENTRY	io.netty.util.internal.PlatformDependent0#unalignedAccess():boolean	ee96bc2427e4a41b6ee4	413	1966	2390	234
METHOD_ENTRY	io.netty.util.internal.PlatformDependent0#hasMemorySegmentAddressOfBuffer():boolean	58ddef2bf5319231e7c2	413	1977	2401	295
METHOD_EXIT	io.netty.util.internal.PlatformDependent0#splittableRandomNextBytes(SplittableRandom,byte[]):void	e5bc68a2e3997f0bedde	455	2049	2515	291
METHOD_EXIT	io.netty.util.internal.PlatformDependent0#unalignedAccess():boolean	197292c3386faa59de69	455	2040	2506	240
METHOD_EXIT	io.netty.util.internal.PlatformDependent0#throwException(Throwable):void	17396cf296dd9b5d8e99	455	1981	2447	248
METHOD_ENTRY	io.netty.util.internal.PlatformDependent0#hasUnsafe():boolean	78a3f98feaf9dbc11652	413	1965	2389	282
METHOD_ENTRY	io.netty.util.internal.PlatformDependent0#hasDirectBufferNoCleanerConstructor():boolean	001848164f3e58dbcbdb	413	1975	2399	56
METHOD_ENTRY	io.netty.util.internal.PlatformDependent0#reallocateDirectNoCleaner(ByteBuffer,int):ByteBuffer	e19100c108dd4f420418	413	2004	2428	239
METHOD_EXIT	io.netty.util.internal.PlatformDependent0#getUnsafeUnavailabilityCause():Throwable	71da4c3c3fa9706aeb2f	455	2048	2514	254
METHOD_EXIT	io.netty.util.internal.PlatformDependent0#throwException0(Throwable):void	3a3026d8d88b3d06ce48	455	1997	2463	262
METHOD_ENTRY	io.netty.util.internal.PlatformDependent0#throwException0(Throwable):void	642c2e1d5d48fec5ddb2	413	1986	2410	262
METHOD_EXIT	io.netty.util.internal.PlatformDependent0#hasDirectBufferNoCleanerConstructor():boolean	27708371ec6b2a8c3079	455	2049	2515	263
METHOD_EXIT	io.netty.util.internal.PlatformDependent0#allocateDirectNoCleaner(int):ByteBuffer	cd8d9272a773349e9d3a	455	2129	2595	299
METHOD_ENTRY	io.netty.util.internal.PlatformDependent0#allocateDirectNoCleaner(int):ByteBuffer	e5b13766bcebf1b8c3d4	413	2051	2475	226
METHOD_ENTRY	io.netty.util.internal.PlatformDependent0#throwException(Throwable):void	ce71dc3fabdea68d4df8	413	1970	2394	255
METHOD_ENTRY	io.netty.util.internal.PlatformDependent0#hasAlignSliceMethod():boolean	c6c0870cd0928e0bf820	413	1970	2394	232
METHOD_EXIT	io.netty.util.internal.PlatformDependent0#reallocateDirectNoCleaner(ByteBuffer,int):ByteBuffer	aaea16520a327c79f107	455	2082	2548	286
METHOD_ENTRY	io.netty.util.internal.PlatformDependent0#hasOffsetSliceMethod():boolean	b0c88e7d8ec533785542	413	1970	2394	288
METHOD_EXIT	io.netty.util.internal.PlatformDependent0#hasOffsetSliceMethod():boolean	a43112ee58007cffb1cd	455	2044	2510	332
METHOD_EXIT	io.netty.util.internal.PlatformDependent0#offsetSlice(ByteBuffer,int,int):ByteBuffer	7f64ab2c2b46d92f8546	455	2120	2586	254
METHOD_EXIT	io.netty.util.internal.PlatformDependent0#hasAlignSliceMethod():boolean	5c3bde40ce60397adcd5	455	2044	2510	229
METHOD_ENTRY	io.netty.util.internal.PlatformDependent0#alignSlice(ByteBuffer,int):ByteBuffer	e74a68b35e9699b41caf	413	2029	2453	231
METHOD_EXIT	io.netty.util.internal.PlatformDependent0#alignSlice(ByteBuffer,int):ByteBuffer	adfcf8d529fdb53cdc61	455	2107	2573	256
METHOD_EXIT	io.netty.util.internal.PlatformDependent0#hasAbsolutePutBufferMethod():boolean	48150c6c23a843bcb825	455	2049	2515	186
METHOD_ENTRY	io.netty.util.internal.PlatformDependent0#offsetSlice(ByteBuffer,int,int):ByteBuffer	3edb812d0ca01c0c5d23	413	2042	2466	214
METHOD_ENTRY	io.netty.util.internal.PlatformDependent0#hasAbsolutePutArrayMethod():boolean	7c7ff1b3843570d0b026	413	1975	2399	202
METHOD_EXIT	io.netty.util.internal.PlatformDependent0#hasAbsolutePutArrayMethod():boolean	cdf9323607428f4df039	455	2049	2515	285
METHOD_ENTRY	io.netty.util.internal.PlatformDependent0#hasAbsolutePutBufferMethod():boolean	98f5edf96fe78f7d601f	413	1975	2399	200
METHOD_EXIT	io.netty.util.internal.PlatformDependent0#absolutePut(ByteBuffer,int,byte[],int,int):ByteBuffer	8886383c8ad3e49cd873	455	2158	2624	293
METHOD_EXIT	io.netty.util.internal.PlatformDependent0#hasAllocateArrayMethod():boolean	6a631c8c20d8637762b7	455	2046	2512	267
METHOD_ENTRY	io.netty.util.internal.PlatformDependent0#allocateUninitializedArray(int):byte[]	09bad37570354803cd5b	413	2026	2450	265
METHOD_ENTRY	io.netty.util.internal.PlatformDependent0#absolutePut(ByteBuffer,int,ByteBuffer,int,int):ByteBuffer	3599144fe1c607b807cc	413	2082	2506	129
METHOD_EXIT	io.netty.util.internal.PlatformDependent0#absolutePut(ByteBuffer,int,ByteBuffer,int,int):ByteBuffer	af4549f86d384504460c	455	2160	2626	230
METHOD_ENTRY	io.netty.util.internal.PlatformDependent0#absolutePut(ByteBuffer,int,byte[],int,int):ByteBuffer	2c23ed2d2c920f2d8c7e	413	2080	2504	251
METHOD_EXIT	io.netty.util.internal.PlatformDependent0#newDirectBuffer(long,int):ByteBuffer	d7aa40078510f4013680	455	2120	2586	268
METHOD_ENTRY	io.netty.util.internal.PlatformDependent0#hasAllocateArrayMethod():boolean	85a72099b3431777e8e4	413	1972	2396	264
METHOD_ENTRY	io.netty.util.internal.PlatformDependent0#newDirectBuffer(long,int):ByteBuffer	8f81adb9cc85c8df6487	413	2042	2466	239
METHOD_ENTRY	io.netty.util.internal.PlatformDependent0#rethrowIfPossible(Throwable):void	4613301e7cd5a6f783b8	413	2004	2428	297
METHOD_ENTRY	io.netty.util.internal.PlatformDependent0#directBufferAddress(ByteBuffer):long	c1cb23c285f7b1875c27	413	2120	2544	222
METHOD_EXIT	io.netty.util.internal.PlatformDependent0#allocateUninitializedArray(int):byte[]	613d3d8d4e1e15eee17d	455	2103	2569	188
METHOD_ENTRY	io.netty.util.internal.PlatformDependent0#byteArrayBaseOffset():long	97b3161102a6598bcc1f	413	1969	2393	240
METHOD_ENTRY	io.netty.util.internal.PlatformDependent0#hasDirectByteBufferAddress(ByteBuffer):boolean	719426d835e6f3b3e765	413	1991	2415	184
METHOD_EXIT	io.netty.util.internal.PlatformDependent0#rethrowIfPossible(Throwable):void	cc4c58e9b6d99a4f6c57	455	2015	2481	322
METHOD_EXIT	io.netty.util.internal.PlatformDependent0#hasDirectByteBufferAddress(ByteBuffer):boolean	8cde1496f64a5fd54151	455	2068	2534	312
METHOD_EXIT	io.netty.util.internal.PlatformDependent0#byteArrayBaseOffset():long	4923d47fe31b1a39f40f	455	2043	2509	274
METHOD_ENTRY	io.netty.util.internal.PlatformDependent0#getObject(Object,long):Object	220d4583756725ff37ae	413	1984	2408	262
METHOD_EXIT	io.netty.util.internal.PlatformDependent0#getInt(Object,long):int	dc31efab97a599cd2bef	455	2061	2527	215
METHOD_ENTRY	io.netty.util.internal.PlatformDependent0#getIntVolatile(Object,long):int	dd110123affaee74a240	413	1990	2414	201
METHOD_EXIT	io.netty.util.internal.PlatformDependent0#putOrderedInt(Object,long,int):void	d18d23d03f513826b19a	455	2009	2475	236
METHOD_EXIT	io.netty.util.internal.PlatformDependent0#getIntVolatile(Object,long):int	bc302acdbdffb355a548	455	2067	2533	225
METHOD_EXIT	io.netty.util.internal.PlatformDependent0#directBufferAddress(ByteBuffer):long	d37f7af4024401bfc5cd	455	2197	2663	306
METHOD_ENTRY	io.netty.util.internal.PlatformDependent0#getAndAddInt(Object,long,int):int	8fe7b4ea86516a6f1e41	413	2001	2425	144
METHOD_EXIT	io.netty.util.internal.PlatformDependent0#getObject(Object,long):Object	eafead435078026088aa	455	2061	2527	282
METHOD_ENTRY	io.netty.util.internal.PlatformDependent0#compareAndSwapInt(Object,long,int,int):boolean	505b89b4fec18637b8a5	413	2013	2437	251
METHOD_EXIT	io.netty.util.internal.PlatformDependent0#safeConstructPutInt(Object,long,int):void	483de31cb6b56c3b2a99	455	2016	2482	249
METHOD_ENTRY	io.netty.util.internal.PlatformDependent0#getInt(Object,long):int	7f9822f65e22cc6d82a9	413	1984	2408	226
METHOD_ENTRY	io.netty.util.internal.PlatformDependent0#getLong(Object,long):long	c9ece071fd533a79292b	413	1985	2409	213
METHOD_ENTRY	io.netty.util.internal.PlatformDependent0#putOrderedInt(Object,long,int):void	8949c5926454614893c8	413	1998	2422	273
METHOD_EXIT	io.netty.util.internal.PlatformDependent0#getAndAddInt(Object,long,int):int	cb87e3c34ac42976225f	455	2078	2544	303
METHOD_EXIT	io.netty.util.internal.PlatformDependent0#getLong(Object,long):long	e0e164ecabea9a5fe6fc	455	2062	2528	227
METHOD_ENTRY	io.netty.util.internal.PlatformDependent0#objectFieldOffset(Field):long	9db20ce89753e1d5cfac	413	1974	2398	223
METHOD_ENTRY	io.netty.util.internal.PlatformDependent0#getByte(long):byte	e9d68f9e6a12be7b1a9e	413	1970	2394	193
METHOD_EXIT	io.netty.util.internal.PlatformDependent0#compareAndSwapInt(Object,long,int,int):boolean	6951112cfd025e47523e	455	2090	2556	302
METHOD_ENTRY	io.netty.util.internal.PlatformDependent0#safeConstructPutInt(Object,long,int):void	3b29d2dd994767bfb2f7	413	2005	2429	162
METHOD_EXIT	io.netty.util.internal.PlatformDependent0#getShort(long):short	0b6f2020a719606b99a8	455	2047	2513	225
METHOD_ENTRY	io.netty.util.internal.PlatformDependent0#getInt(long):int	cc83b0b49740a098f1a8	413	1970	2394	231
METHOD_EXIT	io.netty.util.internal.PlatformDependent0#getInt(long):int	382ada815a77a3a790dd	455	2047	2513	91
METHOD_EXIT	io.netty.util.internal.PlatformDependent0#getByte(long):byte	13bcae91780614ca2d7e	455	2047	2513	120
METHOD_EXIT	io.netty.util.internal.PlatformDependent0#objectFieldOffset(Field):long	a41b33392dd9fb76b84b	455	2051	2517	210
METHOD_ENTRY	io.netty.util.internal.PlatformDependent0#getByte(byte[],int):byte	e5efbf58b088191473c8	413	1988	2412	165
METHOD_EXIT	io.netty.util.internal.PlatformDependent0#getByte(byte[],int):byte	d4a030b95f735914d74c	455	2065	2531	276
METHOD_ENTRY	io.netty.util.internal.PlatformDependent0#getShort(long):short	3c5dfa06a18c93e723d4	413	1970	2394	267
METHOD_ENTRY	io.netty.util.internal.PlatformDependent0#getLong(long):long	7874582146d2456381a5	413	1970	2394	147
METHOD_ENTRY	io.netty.util.internal.PlatformDependent0#getByte(byte[],long):byte	4bd822c6605c39c779fe	413	1988	2412	245
METHOD_EXIT	io.netty.util.internal.PlatformDependent0#getShort(byte[],int):short	b4454a8a7c03502fa83d	455	2065	2531	318
METHOD_ENTRY	io.netty.util.internal.PlatformDependent0#getInt(byte[],int):int	410886a522bc97272029	413	1988	2412	131
METHOD_ENTRY	io.netty.util.internal.PlatformDependent0#getInt(int[],long):int	acf21758bde6a0cf5ca9	413	1993	2417	253
METHOD_EXIT	io.netty.util.internal.PlatformDependent0#getByte(byte[],long):byte	10e87505193b6b7ecb9c	455	2065	2531	253
METHOD_EXIT	io.netty.util.internal.PlatformDependent0#getLong(long):long	af573612b755b737b997	455	2047	2513	264
METHOD_ENTRY	io.netty.util.internal.PlatformDependent0#getLong(byte[],int):long	d152f4973fa2cbb94a03	413	1988	2412	237
METHOD_EXIT	io.netty.util.internal.PlatformDependent0#getInt(byte[],int):int	d2148d7744e72bc97c2b	455	2065	2531	291
METHOD_EXIT	io.netty.util.internal.PlatformDependent0#getLong(byte[],int):long	7a835cf290987d5395d7	455	2065	2531	300
METHOD_ENTRY	io.netty.util.internal.PlatformDependent0#getShort(byte[],int):short	3a535f5901ef71295f20	413	1988	2412	253
METHOD_EXIT	io.netty.util.internal.PlatformDependent0#putByte(long,byte):void	0974544bbbd01449614d	455	1993	2459	268
METHOD_EXIT	io.netty.util.internal.PlatformDependent0#getInt(int[],long):int	0e93d998710a6bc12680	455	2070	2536	251
METHOD_EXIT	io.netty.util.internal.PlatformDependent0#putShort(long,short):void	08a74794794f0ccb4817	455	1993	2459	159
METHOD_ENTRY	io.netty.util.internal.PlatformDependent0#getLong(long[],long):long	ab3737c62163a5f16249	413	1993	2417	163
METHOD_EXIT	io.netty.util.internal.PlatformDependent0#getLong(long[],long):long	791b35ab0647aff7e946	455	2070	2536	237
METHOD_EXIT	io.netty.util.internal.PlatformDependent0#putShortOrdered(long,short):void	0432a7f35eb02c9e6862	455	2006	2472	212
METHOD_EXIT	io.netty.util.internal.PlatformDependent0#putInt(long,int):void	c9af84619dfb415e6733	455	1992	2458	247
METHOD_ENTRY	io.netty.util.internal.PlatformDependent0#putInt(long,int):void	ea99bf643231942c38d7	413	1981	2405	229
METHOD_ENTRY	io.netty.util.internal.PlatformDependent0#putByte(byte[],int,byte):void	71de06bcfa659a9c5f4d	413	2000	2424	192
METHOD_EXIT	io.netty.util.internal.PlatformDependent0#putByte(byte[],int,byte):void	45b8a41247bfe6d4fba0	455	2011	2477	230
METHOD_EXIT	io.netty.util.internal.PlatformDependent0#putLong(long,long):void	483fbabc8f2b72b23491	455	1992	2458	260
METHOD_EXIT	io.netty.util.internal.PlatformDependent0#putByte(Object,long,byte):void	41297a755b96819618c5	455	2004	2470	223
METHOD_ENTRY	io.netty.util.internal.PlatformDependent0#putShort(byte[],int,short):void	440891bd9b0285c99b1e	413	2000	2424	184
METHOD_ENTRY	io.netty.util.internal.PlatformDependent0#putByte(long,byte):void	0abb083d7303396ab5c5	413	1982	2406	171
METHOD_ENTRY	io.netty.util.internal.PlatformDependent0#putByte(Object,long,byte):void	f9105da734abb88e2406	413	1993	2417	261
METHOD_ENTRY	io.netty.util.internal.PlatformDependent0#putInt(byte[],int,int):void	0c983e9f1df20592bf46	413	1999	2423	148
METHOD_EXIT	io.netty.util.internal.PlatformDependent0#putShort(byte[],int,short):void	ba93ec9e9807c89bf18a	455	2011	2477	277
METHOD_ENTRY	io.netty.util.internal.PlatformDependent0#putShort(long,short):void	023c1f744d4fe9ae8077	413	1982	2406	198
METHOD_EXIT	io.netty.util.internal.PlatformDependent0#putInt(byte[],int,int):void	736ccba70e4d69cb3fc6	455	2010	2476	216
METHOD_ENTRY	io.netty.util.internal.PlatformDependent0#putLong(long,long):void	8a2d63a4c990410ff662	413	1981	2405	191
METHOD_ENTRY	io.netty.util.internal.PlatformDependent0#putObject(Object,long,Object):void	5051c866cc44f9e8d78b	413	1992	2416	196
METHOD_ENTRY	io.netty.util.internal.PlatformDependent0#putShortOrdered(long,short):void	10d7d6ed577e0f7d3ded	413	1995	2419	258
METHOD_EXIT	io.netty.util.internal.PlatformDependent0#copyMemory(long,long,long):void	a2627446d7a37fc6f3ec	455	2073	2539	245
METHOD_EXIT	io.netty.util.internal.PlatformDependent0#putObject(Object,long,Object):void	b3969b28b8649aeda466	455	2003	2469	311
METHOD_EXIT	io.netty.util.internal.PlatformDependent0#putLong(byte[],int,long):void	aaaaa163d5506c2736ea	455	2010	2476	165
METHOD_ENTRY	io.netty.util.internal.PlatformDependent0#copyMemory(long,long,long):void	3b78d8d23306bd0f1b3b	413	2062	2486	228
METHOD_EXIT	io.netty.util.internal.PlatformDependent0#copyMemoryWithSafePointPolling(long,long,long):void	93c848f199dc2e433214	455	2059	2525	245
METHOD_EXIT	io.netty.util.internal.PlatformDependent0#copyMemory(Object,long,Object,long,long):void	74839f003f1e16e4141a	455	2099	2565	315
METHOD_EXIT	io.netty.util.internal.PlatformDependent0#setMemory(long,long,byte):void	9aa031d8572d66b34878	455	2003	2469	218
METHOD_ENTRY	io.netty.util.internal.PlatformDependent0#setMemory(long,long,byte):void	113346a02eb221f2371f	413	1992	2416	253
METHOD_ENTRY	io.netty.util.internal.PlatformDependent0#setMemory(Object,long,long,byte):void	ee5da728e5a8e0cd5b9a	413	2003	2427	269
METHOD_EXIT	io.netty.util.internal.PlatformDependent0#copyMemoryWithSafePointPolling(Object,long,Object,long,long):void	bd3f0780f1dc66ed311e	455	2083	2549	236
METHOD_EXIT	io.netty.util.internal.PlatformDependent0#setMemory(Object,long,long,byte):void	df4332b2521e4beb7de7	455	2014	2480	278
METHOD_ENTRY	io.netty.util.internal.PlatformDependent0#equals(byte[],int,byte[],int,int):boolean	fc20dcd380aa43140b67	413	2316	2740	261
METHOD_ENTRY	io.netty.util.internal.PlatformDependent0#copyMemoryWithSafePointPolling(Object,long,Object,long,long):void	9a02b256fd45505825c5	413	2072	2496	308
METHOD_ENTRY	io.netty.util.internal.PlatformDependent0#putLong(byte[],int,long):void	c5de45182015f955913f	413	1999	2423	250
METHOD_ENTRY	io.netty.util.internal.PlatformDependent0#copyMemoryWithSafePointPolling(long,long,long):void	16cbd9d00df90575423f	413	2048	2472	261
METHOD_EXIT	io.netty.util.internal.PlatformDependent0#equals(byte[],int,byte[],int,int):boolean	2cd74660e023d7c44a4b	455	2393	2859	339
METHOD_ENTRY	io.netty.util.internal.PlatformDependent0#copyMemory(Object,long,Object,long,long):void	31b0dbb0893242d6c137	413	2088	2512	201
METHOD_EXIT	io.netty.util.internal.PlatformDependent0#isZero(byte[],int,int):boolean	bc8ca19d3da780145935	455	2261	2727	316
METHOD_EXIT	io.netty.util.internal.PlatformDependent0#equalsConstantTime(byte[],int,byte[],int,int):int	5b2f6808ec3981eb3c9d	455	2361	2827	292
METHOD_ENTRY	io.netty.util.internal.PlatformDependent0#hashCodeAscii(byte[],int,int):int	8a9946e85c62bf41ff04	413	2318	2742	138
METHOD_ENTRY	io.netty.util.internal.PlatformDependent0#equalsConstantTime(byte[],int,byte[],int,int):int	ec8d33132d9f8b8d0e49	413	2284	2708	127
METHOD_ENTRY	io.netty.util.internal.PlatformDependent0#hashCodeAsciiCompute(long,int):int	43e0bfd238135b0bbee2	413	2086	2510	307
METHOD_ENTRY	io.netty.util.internal.PlatformDependent0#isZero(byte[],int,int):boolean	807a1a46fea949eb5928	413	2184	2608	275
METHOD_ENTRY	io.netty.util.internal.PlatformDependent0#hashCodeAsciiSanitize(int):int	7491e3d672a40582e02f	413	1985	2409	288
METHOD_EXIT	io.netty.util.internal.PlatformDependent0#hashCodeAsciiSanitize(int):int	0c5027fe7aa81a14d7da	455	2062	2528	318
METHOD_ENTRY	io.netty.util.internal.PlatformDependent0#hashCodeAsciiSanitize(byte):int	fc42b59d61f99f9fcbe8	413	1979	2403	376
METHOD_ENTRY	io.netty.util.internal.PlatformDependent0#hashCodeAsciiSanitize(short):int	598ede8a2c288b1f46e1	413	1981	2405	252
METHOD_EXIT	io.netty.util.internal.PlatformDependent0#getClassLoader(Class<?>):ClassLoader	e6f70b26698dfb80769d	455	2110	2576	280
METHOD_EXIT	io.netty.util.internal.PlatformDependent0#hashCodeAsciiSanitize(short):int	21a343db99239bc1e086	455	2058	2524	284
METHOD_ENTRY	io.netty.util.internal.PlatformDependent0#run():ClassLoader	6237f59b1f4e2e30613a	413	1946	2370	248
METHOD_EXIT	io.netty.util.internal.PlatformDependent0#run():ClassLoader	40b417557d81a8510a04	455	1957	2423	285
METHOD_EXIT	io.netty.util.internal.PlatformDependent0#hashCodeAsciiSanitize(byte):int	8f2e38d451261010aa7d	455	2056	2522	299
METHOD_EXIT	io.netty.util.internal.PlatformDependent0#hashCodeAscii(byte[],int,int):int	2e25badc97aa57368a75	455	2395	2861	256
METHOD_ENTRY	io.netty.util.internal.PlatformDependent0#getContextClassLoader():ClassLoader	bab297c740ee7f89dfc2	413	2033	2457	318
METHOD_EXIT	io.netty.util.internal.PlatformDependent0#hashCodeAsciiCompute(long,int):int	b30f20ef07ec596b3e10	455	2163	2629	257
METHOD_ENTRY	io.netty.util.internal.PlatformDependent0#run():ClassLoader	6237f59b1f4e2e30613a	413	1946	2370	248
METHOD_EXIT	io.netty.util.internal.PlatformDependent0#run():ClassLoader	40b417557d81a8510a04	455	1957	2423	285
METHOD_EXIT	io.netty.util.internal.PlatformDependent0#getContextClassLoader():ClassLoader	c95c2e7be000a5b24b7b	455	2108	2574	278
METHOD_ENTRY	io.netty.util.internal.PlatformDependent0#getSystemClassLoader():ClassLoader	a934641b412248aab1e1	413	2029	2453	216
METHOD_ENTRY	io.netty.util.internal.PlatformDependent0#run():ClassLoader	6237f59b1f4e2e30613a	413	1946	2370	248
METHOD_EXIT	io.netty.util.internal.PlatformDependent0#getSystemClassLoader():ClassLoader	27ede07a51692dfd108d	455	2104	2570	311
METHOD_ENTRY	io.netty.util.internal.PlatformDependent0#getClassLoader(Class<?>):ClassLoader	a723cd66e2b965df9149	413	2032	2456	302
METHOD_ENTRY	io.netty.util.internal.PlatformDependent0#addressSize():int	28deaa5bae833da705c9	413	1965	2389	174
METHOD_EXIT	io.netty.util.internal.PlatformDependent0#addressSize():int	dced3115f5a4b0f7e778	455	2039	2505	280
METHOD_ENTRY	io.netty.util.internal.PlatformDependent0#allocateMemory(long):long	a13c8fa4eba9035eb595	413	1971	2395	245
METHOD_EXIT	io.netty.util.internal.PlatformDependent0#allocateMemory(long):long	8baf062b9b95dc19ba0e	455	2048	2514	256
METHOD_ENTRY	io.netty.util.internal.PlatformDependent0#freeMemory(long):void	7fb64574cdb893b148e5	413	1970	2394	120
METHOD_EXIT	io.netty.util.internal.PlatformDependent0#freeMemory(long):void	78540bfdcb211c1d0e5a	455	1981	2447	247
METHOD_EXIT	io.netty.util.internal.PlatformDependent0#run():ClassLoader	40b417557d81a8510a04	455	1957	2423	285
METHOD_EXIT	io.netty.util.internal.PlatformDependent0#reallocateMemory(long,long):long	ab44fc61ff3ea4888a7e	455	2065	2531	259
METHOD_ENTRY	io.netty.util.internal.PlatformDependent0#isAndroid():boolean	98c51e4ae84cfa44e3ce	413	1963	2387	294
METHOD_EXIT	io.netty.util.internal.PlatformDependent0#isAndroid():boolean	f953b6bedbab9b9c0912	455	2037	2503	169
METHOD_EXIT	io.netty.util.internal.PlatformDependent0#isAndroid0():boolean	bc4b93f7efeb00db9999	455	2192	2658	381
METHOD_ENTRY	io.netty.util.internal.PlatformDependent0#explicitTryReflectionSetAccessible0():boolean	5698a9edc8dd4101acfa	413	2003	2427	342
METHOD_ENTRY	io.netty.util.internal.PlatformDependent0#isAndroid0():boolean	7d066e4cb8fc87e0c4a0	413	2118	2542	335
METHOD_ENTRY	io.netty.util.internal.PlatformDependent0#reallocateMemory(long,long):long	f5779a38b271d9d3c839	413	1988	2412	265
METHOD_ENTRY	io.netty.util.internal.PlatformDependent0#isExplicitTryReflectionSetAccessible():boolean	2cfb057e4117fb647641	413	1979	2403	261
METHOD_EXIT	io.netty.util.internal.PlatformDependent0#isExplicitTryReflectionSetAccessible():boolean	3a223f29c4db543c2738	455	2053	2519	107
METHOD_ENTRY	io.netty.util.internal.PlatformDependent0#javaVersion():int	72a9ae522e189e2b2640	413	1963	2387	255
METHOD_EXIT	io.netty.util.internal.PlatformDependent0#javaVersion():int	64fed3975f144d0d6249	455	2037	2503	260
METHOD_EXIT	io.netty.util.internal.PlatformDependent0#javaVersion0():int	dab64e747abe704ae4d2	455	2088	2554	275
METHOD_ENTRY	io.netty.util.internal.PlatformDependent0#javaVersion0():int	f1683ce569fe435fa6a8	413	2014	2438	293
METHOD_ENTRY	io.netty.util.internal.StringUtil#substringAfter(String,char):String	0872c4b9511b2339545d	413	2627	3051	298
METHOD_EXIT	io.netty.util.internal.PlatformDependent0#majorVersionFromJavaSpecificationVersion():int	38f12891510a5c27d698	455	2059	2525	270
METHOD_EXIT	io.netty.util.internal.PlatformDependent0#majorVersion(String):int	0cb2a0225ca08e75bb97	455	2140	2606	346
METHOD_ENTRY	io.netty.util.internal.StringUtil#substringBefore(String,char):String	1be51c30cea052ee4c15	413	2627	3051	268
METHOD_EXIT	io.netty.util.internal.StringUtil#substringAfter(String,char):String	1c4aa00c2748e9155e83	455	2704	3170	306
METHOD_ENTRY	io.netty.util.internal.PlatformDependent0#majorVersion(String):int	6390277f88beacdd00ec	413	2063	2487	321
METHOD_ENTRY	io.netty.util.internal.StringUtil#commonSuffixOfLength(String,String,int):boolean	577f04984952d5e886bd	413	2640	3064	218
METHOD_ENTRY	io.netty.util.internal.StringUtil#byteToHexStringPadded(int):String	be24f36ceca6aad9bd85	413	2604	3028	275
METHOD_EXIT	io.netty.util.internal.PlatformDependent0#explicitTryReflectionSetAccessible0():boolean	9ee17c9c7bb93775cbf7	455	2077	2543	411
METHOD_EXIT	io.netty.util.internal.StringUtil#byteToHexStringPadded(int):String	b595cec0a8d1713f1f26	455	2681	3147	325
METHOD_EXIT	io.netty.util.internal.StringUtil#byteToHexStringPadded(T,int):T	aeb8a3f73091da56f786	455	2719	3185	308
METHOD_ENTRY	io.netty.util.internal.StringUtil#byteToHexStringPadded(T,int):T	cdf745935534a65607e3	413	2642	3066	257
METHOD_EXIT	io.netty.util.internal.StringUtil#substringBefore(String,char):String	49267ad6f4af38690f68	455	2704	3170	269
METHOD_ENTRY	io.netty.util.internal.StringUtil#toHexStringPadded(byte[]):String	d92b5c177846b3c26a60	413	2606	3030	221
METHOD_ENTRY	io.netty.util.internal.StringUtil#toHexStringPadded(byte[],int,int):String	76707d594d4484998b48	413	2634	3058	208
METHOD_ENTRY	io.netty.util.internal.StringUtil#toHexStringPadded(T,byte[]):T	ad5833f0d19e22514a0e	413	2624	3048	223
METHOD_EXIT	io.netty.util.internal.StringUtil#toHexStringPadded(byte[],int,int):String	dcfa7c45ca71b143283f	455	2711	3177	249
METHOD_ENTRY	io.netty.util.internal.StringUtil#toHexStringPadded(T,byte[],int,int):T	c80ce2be2e213a4308c2	413	2668	3092	262
METHOD_EXIT	io.netty.util.internal.StringUtil#toHexStringPadded(T,byte[]):T	dbafc75da75f359fb421	455	2701	3167	245
METHOD_EXIT	io.netty.util.internal.StringUtil#toHexStringPadded(T,byte[],int,int):T	6576af83bebfc9ac5b1c	455	2745	3211	277
METHOD_EXIT	io.netty.util.internal.StringUtil#byteToHexString(int):String	147ff36caf94d50f7799	455	2678	3144	363
METHOD_ENTRY	io.netty.util.internal.StringUtil#byteToHexString(int):String	f733b8d9c95ebd68c3bd	413	2601	3025	318
METHOD_ENTRY	io.netty.util.internal.StringUtil#byteToHexString(T,int):T	28fa4cee1129576b7e74	413	2636	3060	221
METHOD_EXIT	io.netty.util.internal.StringUtil#byteToHexString(T,int):T	0711079f6bbaad50c30f	455	2713	3179	271
METHOD_ENTRY	io.netty.util.internal.StringUtil#toHexString(byte[]):String	1a6b2d2ea658503439e3	413	2600	3024	201
METHOD_ENTRY	io.netty.util.internal.PlatformDependent0#majorVersionFromJavaSpecificationVersion():int	d19e1bcb414c03434971	413	1985	2409	213
METHOD_EXIT	io.netty.util.internal.StringUtil#toHexString(byte[],int,int):String	fb79a89e1607878e6733	455	2705	3171	262
METHOD_EXIT	io.netty.util.internal.StringUtil#toHexString(byte[]):String	3b950ceee6c9c6e5caee	455	2677	3143	239
METHOD_ENTRY	io.netty.util.internal.StringUtil#toHexString(byte[],int,int):String	866303e16a30c4920aa5	413	2628	3052	210
METHOD_ENTRY	io.netty.util.internal.StringUtil#toHexString(T,byte[]):T	8b4fb52f9de51880206e	413	2618	3042	187
METHOD_EXIT	io.netty.util.internal.StringUtil#toHexStringPadded(byte[]):String	2ebd840ccba26c675897	455	2683	3149	285
METHOD_EXIT	io.netty.util.internal.StringUtil#commonSuffixOfLength(String,String,int):boolean	32930df79e5ab1ff8ecd	455	2717	3183	287
METHOD_EXIT	io.netty.util.internal.StringUtil#toHexString(T,byte[],int,int):T	0bdad99ac1a81b39c778	455	2824	3290	287
METHOD_ENTRY	io.netty.util.internal.StringUtil#decodeHexNibble(char):int	8ce482d15312b9ab4541	413	2627	3051	284
METHOD_EXIT	io.netty.util.internal.StringUtil#decodeHexNibble(char):int	6af1979ba3ecf0857523	455	2704	3170	368
METHOD_ENTRY	io.netty.util.internal.StringUtil#decodeHexNibble(byte):int	646b155cdffccae01418	413	2627	3051	368
METHOD_EXIT	io.netty.util.internal.StringUtil#decodeHexByte(CharSequence,int):byte	d53f9c9484813c708d39	455	2773	3239	363
METHOD_ENTRY	io.netty.util.internal.StringUtil#decodeHexDump(CharSequence,int,int):byte[]	d61b2bc8356678d6d203	413	2721	3145	253
METHOD_EXIT	io.netty.util.internal.StringUtil#toHexString(T,byte[]):T	11e96844c763bb429002	455	2695	3161	295
METHOD_EXIT	io.netty.util.internal.StringUtil#decodeHexDump(CharSequence,int,int):byte[]	3f3e767178664707eb8d	455	2798	3264	281
METHOD_ENTRY	io.netty.util.internal.StringUtil#decodeHexDump(CharSequence):byte[]	9ef044345ee25e77bfb6	413	2608	3032	295
METHOD_ENTRY	io.netty.util.internal.StringUtil#decodeHexByte(CharSequence,int):byte	7c6a25343d83318d3ce8	413	2696	3120	262
METHOD_ENTRY	io.netty.util.internal.StringUtil#toHexString(T,byte[],int,int):T	f775e3052eb67d0ee896	413	2747	3171	179
METHOD_ENTRY	io.netty.util.internal.StringUtil#className(Object):String	2bb1ccf79efb9589a4b8	413	2613	3037	307
METHOD_EXIT	io.netty.util.internal.StringUtil#decodeHexDump(CharSequence):byte[]	c1e970ba8518cdb5a7da	455	2685	3151	281
METHOD_EXIT	io.netty.util.internal.StringUtil#decodeHexNibble(byte):int	a3cb1a98eb0eb69d820c	455	2704	3170	364
METHOD_EXIT	io.netty.util.internal.StringUtil#simpleClassName(Object):String	f351e9ade225716bb495	455	2692	3158	335
METHOD_ENTRY	io.netty.util.internal.StringUtil#simpleClassName(Object):String	d9886630250c53e194c8	413	2615	3039	291
METHOD_EXIT	io.netty.util.internal.StringUtil#className(Object):String	8bbad1ae518d81e365e2	455	2690	3156	296
METHOD_ENTRY	io.netty.util.internal.StringUtil#escapeCsv(CharSequence):CharSequence	9e0479ec292e8d2f008a	413	2597	3021	289
METHOD_EXIT	io.netty.util.internal.StringUtil#escapeCsv(CharSequence):CharSequence	e8415a36c58dc3821a6e	455	2675	3141	352
METHOD_EXIT	io.netty.util.internal.StringUtil#escapeCsv(CharSequence,boolean):CharSequence	046399df63e3b25cfd6d	455	3272	3738	315
METHOD_ENTRY	io.netty.util.internal.StringUtil#unescapeCsv(CharSequence):CharSequence	0ce0afa7897c9ef871f4	413	2834	3258	324
METHOD_ENTRY	io.netty.util.internal.StringUtil#simpleClassName(Class<?>):String	c4f74a83497926ef9ead	413	2653	3077	274
METHOD_EXIT	io.netty.util.internal.StringUtil#unescapeCsvFields(CharSequence):List<CharSequence>	9b9401d821a2cfedcadb	455	3122	3588	278
METHOD_ENTRY	io.netty.util.internal.StringUtil#unescapeCsvFields(CharSequence):List<CharSequence>	90a11f0a049ae3d23bbe	413	3042	3466	238
METHOD_ENTRY	io.netty.util.internal.StringUtil#validateCsvFormat(CharSequence):void	668b350b8190c24cb58b	413	2684	3108	366
METHOD_EXIT	io.netty.util.internal.StringUtil#simpleClassName(Class<?>):String	725f235f27fac6692850	455	2730	3196	228
METHOD_EXIT	io.netty.util.internal.StringUtil#validateCsvFormat(CharSequence):void	1cb009502f66bff190a4	455	2695	3161	358
METHOD_EXIT	io.netty.util.internal.StringUtil#unescapeCsv(CharSequence):CharSequence	93294a1e53caee0f7822	455	2912	3378	297
METHOD_EXIT	io.netty.util.internal.StringUtil#newInvalidEscapedCsvFieldException(CharSequence,int):IllegalArgumentException	e85880c4ef5309b35c8b	455	2712	3178	261
METHOD_ENTRY	io.netty.util.internal.StringUtil#length(String):int	6ad0f3db4a18b05d2c21	413	2594	3018	225
METHOD_ENTRY	io.netty.util.internal.StringUtil#escapeCsv(CharSequence,boolean):CharSequence	a7bfb95b7c5d074184d1	413	3194	3618	306
METHOD_EXIT	io.netty.util.internal.StringUtil#length(String):int	c19a3dcd5ca9acda0bf4	455	2671	3137	247
METHOD_EXIT	io.netty.util.internal.StringUtil#isNullOrEmpty(String):boolean	60f9fa8c12f47fc2ca98	455	2675	3141	241
METHOD_ENTRY	io.netty.util.internal.StringUtil#newInvalidEscapedCsvFieldException(CharSequence,int):IllegalArgumentException	c9d79f1cd13c4370dc79	413	2633	3057	220
METHOD_EXIT	io.netty.util.internal.StringUtil#indexOfNonWhiteSpace(CharSequence,int):int	abb4e2f7172bc9b92a2f	455	2715	3181	333
METHOD_ENTRY	io.netty.util.internal.StringUtil#indexOfWhiteSpace(CharSequence,int):int	4276ac550fd5fdb2cc2e	413	2636	3060	169
METHOD_ENTRY	io.netty.util.internal.StringUtil#isSurrogate(char):boolean	1b6cf13e054f9f37f930	413	2603	3027	300
METHOD_EXIT	io.netty.util.internal.StringUtil#isSurrogate(char):boolean	178241aa42769561e874	455	2680	3146	327
METHOD_ENTRY	io.netty.util.internal.StringUtil#indexOfNonWhiteSpace(CharSequence,int):int	d1ac632af0f9b142baf7	413	2638	3062	252
METHOD_EXIT	io.netty.util.internal.StringUtil#isDoubleQuote(char):boolean	8880b720238c5d111843	455	2671	3137	144
METHOD_ENTRY	io.netty.util.internal.StringUtil#endsWith(CharSequence,char):boolean	222a1d6162c362316ca9	413	2621	3045	266
METHOD_ENTRY	io.netty.util.internal.StringUtil#isNullOrEmpty(String):boolean	04aac17d7862bf43b85c	413	2598	3022	275
METHOD_ENTRY	io.netty.util.internal.StringUtil#isDoubleQuote(char):boolean	245a362147d87d1422f3	413	2594	3018	239
METHOD_EXIT	io.netty.util.internal.StringUtil#endsWith(CharSequence,char):boolean	f220745a0fca98ca8fc1	455	2698	3164	286
METHOD_EXIT	io.netty.util.internal.StringUtil#indexOfWhiteSpace(CharSequence,int):int	15ad201280390226a3e9	455	2713	3179	275
METHOD_ENTRY	io.netty.util.internal.StringUtil#trimOws(CharSequence):CharSequence	bba9e352f6ea32aa6d22	413	2672	3096	283
METHOD_ENTRY	io.netty.util.internal.StringUtil#join(CharSequence,Iterable<? extends CharSequence>):CharSequence	5b3c87ad53c39e7f4373	413	2718	3142	324
METHOD_EXIT	io.netty.util.internal.StringUtil#join(CharSequence,Iterable<? extends CharSequence>):CharSequence	d1df34844f0194a77ee0	455	2796	3262	289
METHOD_ENTRY	io.netty.util.internal.UnsafeReferenceCountUpdater#safeInitializeRawRefCnt(T,int):void	965f04632544ae3cf5db	413	536	960	260
METHOD_EXIT	io.netty.util.internal.UnsafeReferenceCountUpdater#safeInitializeRawRefCnt(T,int):void	ee14753e2a177591e777	455	547	1013	294
METHOD_ENTRY	io.netty.util.internal.UnsafeReferenceCountUpdater#getAndAddRawRefCnt(T,int):int	02f91694e92f1c1f50aa	413	538	962	279
METHOD_EXIT	io.netty.util.internal.UnsafeReferenceCountUpdater#getAndAddRawRefCnt(T,int):int	8158db4401db2577ca95	455	615	1081	279
METHOD_ENTRY	io.netty.util.internal.StringUtil#indexOfLastNonOwsChar(CharSequence,int,int):int	3db7fae3d73450e0de8c	413	2648	3072	211
METHOD_ENTRY	io.netty.util.internal.UnsafeReferenceCountUpdater#getRawRefCnt(T):int	9fcfc09537a310f947b6	413	518	942	245
METHOD_EXIT	io.netty.util.internal.UnsafeReferenceCountUpdater#getRawRefCnt(T):int	40ea7ae0cfdb8b7dfce1	455	595	1061	255
METHOD_ENTRY	io.netty.util.internal.UnsafeReferenceCountUpdater#getAcquireRawRefCnt(T):int	e46c7d92749702dc96fb	413	522	946	124
METHOD_EXIT	io.netty.util.internal.StringUtil#trimOws(CharSequence):CharSequence	bfa36d747113b909c204	455	2750	3216	361
METHOD_EXIT	io.netty.util.internal.UnsafeReferenceCountUpdater#getAcquireRawRefCnt(T):int	4c2dce160e269d01bdb5	455	599	1065	215
METHOD_ENTRY	io.netty.util.internal.UnsafeReferenceCountUpdater#setReleaseRawRefCnt(T,int):void	548c970b08ab1f7dec93	413	531	955	212
METHOD_ENTRY	io.netty.util.internal.UnsafeReferenceCountUpdater#casRawRefCnt(T,int,int):boolean	1cd2ae6f79212d64d317	413	543	967	130
METHOD_EXIT	io.netty.util.internal.UnsafeReferenceCountUpdater#casRawRefCnt(T,int,int):boolean	573629026ed7dbb4b4bd	455	620	1086	279
METHOD_EXIT	io.netty.util.internal.UnsafeReferenceCountUpdater#setReleaseRawRefCnt(T,int):void	a69ab0a9e2ae5c1e5d77	455	542	1008	296
METHOD_ENTRY	io.netty.util.internal.StringUtil#isOws(char):boolean	24d2e863181b08cf2d8b	413	2596	3020	252
METHOD_ENTRY	io.netty.util.internal.ResourcesUtil#getFile(Class,String):File	9f11c9fbecf61131b729	413	543	967	236
METHOD_EXIT	io.netty.util.internal.ResourcesUtil#getFile(Class,String):File	5a443b03cf838a2592bf	455	620	1086	295
METHOD_EXIT	io.netty.util.internal.StringUtil#isOws(char):boolean	18152741c0f225c539a1	455	2673	3139	272
METHOD_EXIT	io.netty.util.internal.StringUtil#indexOfFirstNonOwsChar(CharSequence,int):int	c25cab83465506c2b416	455	2714	3180	288
METHOD_ENTRY	io.netty.util.internal.CleanerJava9#isSupported():boolean	2ae43c4b0315b71de5ba	413	505	929	93
METHOD_EXIT	io.netty.util.internal.CleanerJava9#isSupported():boolean	29c1e8701bc7b9504886	455	579	1045	173
METHOD_EXIT	io.netty.util.internal.CleanerJava9#run():Object	309f145259a5962cded1	455	493	959	78
METHOD_ENTRY	io.netty.util.internal.CleanerJava9#allocate(int):CleanableDirectBuffer	f175601de8220a12f121	413	522	946	56
METHOD_ENTRY	io.netty.util.internal.CleanerJava9#run():Object	9ae47fb5fa1e9e1ddd33	413	482	906	5
METHOD_ENTRY	io.netty.util.internal.CleanerJava9#freeDirectBuffer(ByteBuffer):void	4a7e070b5c68aefa6c76	413	520	944	254
METHOD_EXIT	io.netty.util.internal.CleanerJava9#freeDirectBuffer(ByteBuffer):void	3dc9cc30ae457c5ab402	455	531	997	261
METHOD_ENTRY	io.netty.util.internal.CleanerJava9#hasExpensiveClean():boolean	1991cdc2d2f70dc08aed	413	506	930	64
METHOD_EXIT	io.netty.util.internal.CleanerJava9#hasExpensiveClean():boolean	af7a4d186b066ae5e231	455	580	1046	42
METHOD_EXIT	io.netty.util.internal.CleanerJava9#allocate(int):CleanableDirectBuffer	ab85b97521384264c50b	455	602	1068	296
METHOD_ENTRY	io.netty.util.internal.CleanerJava9#freeDirectBufferPrivileged(ByteBuffer):void	5d57532f1e6c85d7d3ed	413	591	1015	147
METHOD_EXIT	io.netty.util.internal.CleanerJava9#freeDirectBufferStatic(ByteBuffer):void	0ed07c03024a8ac5c8c1	455	610	1076	263
METHOD_ENTRY	io.netty.util.internal.CleanerJava9#run():Throwable	55434352e1d5ba2c1350	413	482	906	186
METHOD_EXIT	io.netty.util.internal.CleanerJava9#freeDirectBufferPrivileged(ByteBuffer):void	9afc01c284f45d71e50b	455	602	1068	273
METHOD_ENTRY	io.netty.util.internal.CleanerJava9#freeDirectBufferStatic(ByteBuffer):void	432eedd6866aeebadf1d	413	599	1023	245
METHOD_EXIT	io.netty.util.internal.CleanerJava9#buffer():ByteBuffer	48c2ea9e65a7ee9a3b50	455	577	1043	270
METHOD_ENTRY	io.netty.util.internal.CleanerJava9#clean():void	0bac9ef3d63b7b2e00b7	413	520	944	200
METHOD_ENTRY	io.netty.util.internal.CleanerJava9#buffer():ByteBuffer	e13cd500659318cb0dac	413	502	926	208
METHOD_EXIT	io.netty.util.internal.CleanerJava9#clean():void	76a159aeba15598175c0	455	531	997	239
METHOD_ENTRY	io.netty.util.internal.StringUtil#indexOfFirstNonOwsChar(CharSequence,int):int	1b670b4a69ca8379650c	413	2637	3061	256
METHOD_ENTRY	io.netty.util.internal.CleanableDirectBufferImpl#clean():void	bc8887496316d7b62442	413	404	828	90
METHOD_EXIT	io.netty.util.internal.CleanableDirectBufferImpl#clean():void	ff8f1221f3b414fa9ee5	455	415	881	143
METHOD_EXIT	io.netty.util.internal.CleanerJava9#run():Throwable	7b93dc229de87319dc81	455	493	959	68
METHOD_ENTRY	io.netty.util.internal.CleanableDirectBufferImpl#buffer():ByteBuffer	93b84c569c59a52af5da	413	386	810	243
METHOD_EXIT	io.netty.util.internal.CleanableDirectBufferImpl#buffer():ByteBuffer	4f14b61d374a9d6f1071	455	461	927	186
METHOD_ENTRY	io.netty.util.internal.ReflectionUtil#trySetAccessible(AccessibleObject,boolean):Throwable	0b1c0e5e578880b2fdf2	413	679	1103	261
METHOD_ENTRY	io.netty.util.internal.ReflectionUtil#handleInaccessibleObjectException(RuntimeException):RuntimeException	b904c51e2767668a5a9f	413	671	1095	244
METHOD_ENTRY	io.netty.util.internal.ReflectionUtil#resolveTypeParameter(Object,Class<?>,String):Class<?>	6a13336caf3e6245b9d6	413	1127	1551	244
METHOD_EXIT	io.netty.util.internal.ReflectionUtil#handleInaccessibleObjectException(RuntimeException):RuntimeException	d7aed166af1a3f0a3d50	455	749	1215	313
METHOD_ENTRY	io.netty.util.internal.ReflectionUtil#fail(Class<?>,String):Class<?>	fbcd1db67399a56917d3	413	625	1049	242
METHOD_EXIT	io.netty.util.internal.ReflectionUtil#fail(Class<?>,String):Class<?>	4adf124cdd279fc9127c	455	703	1169	61
METHOD_ENTRY	io.netty.util.internal.NoOpTypeParameterMatcher#match(Object):boolean	2e1da12724ec6ca4f09b	413	412	836	154
METHOD_EXIT	io.netty.util.internal.NoOpTypeParameterMatcher#match(Object):boolean	472f096acc9f9a78c80d	455	489	955	37
METHOD_ENTRY	io.netty.util.internal.ThrowableUtil#unknownStackTrace(T,Class<?>,String):T	a3bb10a353030407d03e	413	676	1100	199
METHOD_ENTRY	io.netty.util.internal.ThrowableUtil#stackTraceToString(Throwable):String	fd4e74208b39b7382f20	413	699	1123	208
METHOD_ENTRY	io.netty.util.internal.ThrowableUtil#haveSuppressed():boolean	298ab289d27cfa345828	413	621	1045	58
METHOD_EXIT	io.netty.util.internal.ThrowableUtil#stackTraceToString(Throwable):String	f55e1ee7f3c057838dbd	455	776	1242	271
METHOD_EXIT	io.netty.util.internal.ThrowableUtil#unknownStackTrace(T,Class<?>,String):T	ed3495e5252362bd586d	455	753	1219	319
METHOD_EXIT	io.netty.util.internal.StringUtil#indexOfLastNonOwsChar(CharSequence,int,int):int	3de42269d559e4211e6e	455	2725	3191	299
METHOD_EXIT	io.netty.util.internal.ThrowableUtil#haveSuppressed():boolean	0ef704247d041f19ced3	455	695	1161	52
METHOD_ENTRY	io.netty.util.internal.ThrowableUtil#addSuppressed(Throwable,Throwable):void	afe8a8970f87f644d50b	413	648	1072	207
METHOD_EXIT	io.netty.util.internal.ThrowableUtil#addSuppressed(Throwable,Throwable):void	3b210d2c6621a886539b	455	659	1125	319
METHOD_ENTRY	io.netty.util.internal.ThrowableUtil#addSuppressedAndClear(Throwable,List<Throwable>):void	e916ddb2d80a7f040cfe	413	650	1074	220
METHOD_EXIT	io.netty.util.internal.ReflectionUtil#resolveTypeParameter(Object,Class<?>,String):Class<?>	b41b801f1983b8c23c9a	455	1205	1671	309
METHOD_EXIT	io.netty.util.internal.ThrowableUtil#addSuppressed(Throwable,List<Throwable>):void	0f2ed46bf34df1738265	455	664	1130	337
METHOD_ENTRY	io.netty.util.internal.ThrowableUtil#getSuppressed(Throwable):Throwable[]	9b08e0831a0a428806ef	413	626	1050	266
METHOD_EXIT	io.netty.util.internal.ThrowableUtil#getSuppressed(Throwable):Throwable[]	90e77af4ce38cc8072b4	455	703	1169	272
METHOD_ENTRY	io.netty.util.internal.ThrowableUtil#interruptAndAttachAsyncStackTrace(Thread,Throwable):void	18c6b8c4530f9b4e34a1	413	707	1131	266
METHOD_ENTRY	io.netty.util.internal.ThrowableUtil#addSuppressed(Throwable,List<Throwable>):void	2a9e949845c023dfb100	413	653	1077	289
METHOD_EXIT	io.netty.util.internal.ThrowableUtil#addSuppressedAndClear(Throwable,List<Throwable>):void	9535c9b5f292992751f7	455	661	1127	221
METHOD_EXIT	io.netty.util.internal.ReflectionUtil#trySetAccessible(AccessibleObject,boolean):Throwable	574a00c2a0c64f241fbb	455	756	1222	396
METHOD_EXIT	io.netty.util.internal.MathUtil#safeFindNextPositivePowerOfTwo(int):int	8450a0ca15fbde7fb65e	455	1093	1559	340
METHOD_EXIT	io.netty.util.internal.ThrowableUtil#interruptAndAttachAsyncStackTrace(Thread,Throwable):void	3813f0f618d3e99262fc	455	718	1184	267
METHOD_EXIT	io.netty.util.internal.MathUtil#findNextPositivePowerOfTwo(int):int	6b67565b7a735801d5d9	455	1092	1558	356
METHOD_ENTRY	io.netty.util.internal.MathUtil#findNextPositivePowerOfTwo(int):int	3faf4a74847cdd4e29c1	413	1015	1439	176
METHOD_ENTRY	io.netty.util.internal.MathUtil#isOutOfBounds(int,int,int):boolean	f79cc729afedcc18b948	413	1016	1440	216
METHOD_EXIT	io.netty.util.internal.MathUtil#isOutOfBounds(int,int,int):boolean	4e91f04b68139ca81cd8	455	1093	1559	339
METHOD_EXIT	io.netty.util.internal.MathUtil#compare(int,int):int	2bfd314503c064cbfc3a	455	1081	1547	264
METHOD_ENTRY	io.netty.util.internal.MathUtil#compare(int,int):int	b85844e26f057ff5d004	413	1004	1428	61
METHOD_EXIT	io.netty.util.internal.MathUtil#compare(long,long):int	01ae8ccd823130f1aabf	455	1067	1533	223
METHOD_ENTRY	io.netty.util.internal.MathUtil#safeFindNextPositivePowerOfTwo(int):int	4cb0ecc47fea66f6d1b8	413	1016	1440	318
METHOD_ENTRY	io.netty.util.internal.DefaultPriorityQueue#isEmpty():boolean	7dd02b2e5e4959cb1228	413	666	1090	157
METHOD_ENTRY	io.netty.util.internal.MathUtil#compare(long,long):int	d8ac5f8033d4dd62d3d2	413	990	1414	214
METHOD_ENTRY	io.netty.util.internal.DefaultPriorityQueue#contains(Object):boolean	ab2b61ae4172d0a07e46	413	702	1126	328
METHOD_EXIT	io.netty.util.internal.DefaultPriorityQueue#isEmpty():boolean	392176e190edce390b81	455	740	1206	176
METHOD_ENTRY	io.netty.util.internal.DefaultPriorityQueue#size():int	f2bc9e7bb4990c3aa36c	413	661	1085	233
METHOD_EXIT	io.netty.util.internal.DefaultPriorityQueue#containsTyped(T):boolean	4caae2488af5817cc32b	455	752	1218	283
METHOD_EXIT	io.netty.util.internal.DefaultPriorityQueue#contains(Object):boolean	7ee3809119a432f0ace3	455	779	1245	379
METHOD_ENTRY	io.netty.util.internal.DefaultPriorityQueue#clear():void	ce91a77b8466ee7ba574	413	718	1142	48
METHOD_EXIT	io.netty.util.internal.DefaultPriorityQueue#size():int	a3a2a27db4f7e1cb8ce0	455	735	1201	219
METHOD_ENTRY	io.netty.util.internal.DefaultPriorityQueue#clearIgnoringIndexes():void	6bb90b899148b8a578d5	413	667	1091	243
METHOD_ENTRY	io.netty.util.internal.DefaultPriorityQueue#containsTyped(T):boolean	97c78ee5fb99332f9771	413	675	1099	196
METHOD_EXIT	io.netty.util.internal.DefaultPriorityQueue#clearIgnoringIndexes():void	d157c3a26f83c09c7a3a	455	678	1144	245
METHOD_ENTRY	io.netty.util.internal.DefaultPriorityQueue#offer(T):boolean	df61af33f3b9198001aa	413	836	1260	141
METHOD_ENTRY	io.netty.util.internal.DefaultPriorityQueue#poll():T	22ef6741af988bba63be	413	742	1166	207
METHOD_EXIT	io.netty.util.internal.DefaultPriorityQueue#peek():T	6f493162bd16c33aae8a	455	746	1212	216
METHOD_ENTRY	io.netty.util.internal.DefaultPriorityQueue#remove(Object):boolean	5d9dcfe94289845f7daf	413	707	1131	65
METHOD_EXIT	io.netty.util.internal.DefaultPriorityQueue#offer(T):boolean	f6209705ba758f0f00e0	455	913	1379	282
METHOD_EXIT	io.netty.util.internal.DefaultPriorityQueue#poll():T	4160ff33b68fc76cf462	455	816	1282	295
METHOD_EXIT	io.netty.util.internal.DefaultPriorityQueue#clear():void	4aabee04085036a9b15d	455	729	1195	186
METHOD_ENTRY	io.netty.util.internal.DefaultPriorityQueue#removeTyped(T):boolean	fade6341fc54210a2e87	413	852	1276	138
METHOD_EXIT	io.netty.util.internal.DefaultPriorityQueue#remove(Object):boolean	57bebaf8998ce32a9abd	455	784	1250	301
METHOD_EXIT	io.netty.util.internal.DefaultPriorityQueue#removeTyped(T):boolean	be3900ddd63fdf7e7e44	455	929	1395	347
METHOD_EXIT	io.netty.util.internal.DefaultPriorityQueue#priorityChanged(T):void	2c4d2fefd01d564b3532	455	815	1281	300
METHOD_ENTRY	io.netty.util.internal.DefaultPriorityQueue#peek():T	a65be96ea6f406e26d25	413	672	1096	303
METHOD_ENTRY	io.netty.util.internal.DefaultPriorityQueue#toArray(X[]):X[]	2b68d837a5a29b91ac6a	413	741	1165	235
METHOD_EXIT	io.netty.util.internal.DefaultPriorityQueue#toArray():Object[]	e15aaae43d0e4533df29	455	744	1210	257
METHOD_ENTRY	io.netty.util.internal.DefaultPriorityQueue#priorityChanged(T):void	ee98eab72f03ea4ede84	413	804	1228	284
METHOD_ENTRY	io.netty.util.internal.DefaultPriorityQueue#toArray():Object[]	27eced9beac2dcb5aa47	413	670	1094	188
METHOD_EXIT	io.netty.util.internal.DefaultPriorityQueue#iterator():Iterator<T>	83fe303ef11080aefd4f	455	743	1209	287
METHOD_ENTRY	io.netty.util.internal.DefaultPriorityQueue#hasNext():boolean	f12c7cea96d06b28cee1	413	665	1089	175
METHOD_EXIT	io.netty.util.internal.DefaultPriorityQueue#toArray(X[]):X[]	f938d6510ff46720038a	455	818	1284	299
METHOD_ENTRY	io.netty.util.internal.DefaultPriorityQueue#iterator():Iterator<T>	9c8a638f0c18a7eaa10c	413	668	1092	197
METHOD_ENTRY	io.netty.util.internal.DefaultPriorityQueue#remove():void	87a5184117aa51770450	413	666	1090	248
METHOD_EXIT	io.netty.util.internal.DefaultPriorityQueue#remove():void	508ded6139617f6ee582	455	677	1143	61
METHOD_ENTRY	io.netty.util.internal.DefaultPriorityQueue#contains(PriorityQueueNode,int):boolean	656fdaca2d7c0fda8f20	413	692	1116	238
METHOD_ENTRY	io.netty.util.internal.DefaultPriorityQueue#next():T	1fdec0b2e730cf20049d	413	680	1104	194
METHOD_EXIT	io.netty.util.internal.DefaultPriorityQueue#hasNext():boolean	9d9d521dc7b930f1a38c	455	739	1205	263
METHOD_EXIT	io.netty.util.internal.DefaultPriorityQueue#contains(PriorityQueueNode,int):boolean	d4d04c16dcf020281883	455	769	1235	366
METHOD_EXIT	io.netty.util.internal.DefaultPriorityQueue#next():T	2777cd5cf13e7392fb81	455	754	1220	310
METHOD_EXIT	io.netty.util.internal.DefaultPriorityQueue#bubbleDown(int,T):void	313ff73a91f6b6a8fc91	455	931	1397	296
METHOD_ENTRY	io.netty.util.internal.DefaultPriorityQueue#bubbleUp(int,T):void	60128279275166f11094	413	838	1262	251
METHOD_EXIT	io.netty.util.internal.DefaultPriorityQueue#bubbleUp(int,T):void	9ad213edb832a10a6326	455	849	1315	270
METHOD_ENTRY	io.netty.util.internal.PriorityQueueIterator#next():T	035269a4cc3ba6d47766	413	400	824	244
METHOD_ENTRY	io.netty.util.internal.DefaultPriorityQueue#bubbleDown(int,T):void	fdaa8787ec24fde23328	413	920	1344	224
METHOD_ENTRY	io.netty.util.internal.PriorityQueueIterator#remove():void	9f802c1b3227b03a68d6	413	386	810	5
METHOD_EXIT	io.netty.util.internal.PriorityQueueIterator#remove():void	ca3b5522807e6896bb9c	455	397	863	106
METHOD_EXIT	io.netty.util.internal.PriorityQueueIterator#next():T	a3af5b0272c47a89b7f0	455	474	940	243
METHOD_ENTRY	io.netty.util.internal.MacAddressUtil#bestAvailableMac():byte[]	75c1eadc188b2f53d739	413	1296	1720	310
METHOD_ENTRY	io.netty.util.internal.MacAddressUtil#defaultMachineId():byte[]	26a75f7a701bd54c7cab	413	768	1192	318
METHOD_EXIT	io.netty.util.internal.MacAddressUtil#defaultMachineId():byte[]	8775f0f22e8cf6fbbdff	455	842	1308	281
METHOD_ENTRY	io.netty.util.internal.MacAddressUtil#parseMAC(String):byte[]	b1894ed11cb07df63dcc	413	946	1370	271
METHOD_ENTRY	io.netty.util.internal.PriorityQueueIterator#hasNext():boolean	e96b2ec8b17d1e9a8997	413	385	809	161
METHOD_ENTRY	io.netty.util.internal.MacAddressUtil#validateMacSeparator(char):void	ae4315cdab954da59562	413	720	1144	95
METHOD_EXIT	io.netty.util.internal.MacAddressUtil#validateMacSeparator(char):void	d5ae23acedd4ba8b6765	455	731	1197	58
METHOD_EXIT	io.netty.util.internal.MacAddressUtil#bestAvailableMac():byte[]	db41fdc92bac38049fba	455	1370	1836	381
METHOD_EXIT	io.netty.util.internal.PriorityQueueIterator#hasNext():boolean	780197140ce9bb4310ee	455	459	925	226
METHOD_EXIT	io.netty.util.internal.MacAddressUtil#formatAddress(byte[]):String	d34ce04039666ee806c8	455	812	1278	288
METHOD_ENTRY	io.netty.util.internal.MacAddressUtil#compareAddresses(InetAddress,InetAddress):int	092d368a8029e7e541f7	413	712	1136	239
METHOD_EXIT	io.netty.util.internal.MacAddressUtil#compareAddresses(byte[],byte[]):int	295e8066ae7d308ee864	455	1050	1516	402
METHOD_EXIT	io.netty.util.internal.MacAddressUtil#compareAddresses(InetAddress,InetAddress):int	2a3967c052aa8cf29fc1	455	789	1255	240
METHOD_ENTRY	io.netty.util.internal.SWARUtil#compilePattern(byte):long	c693882d587a77e15090	413	927	1351	283
METHOD_EXIT	io.netty.util.internal.SWARUtil#compilePattern(byte):long	27aebf760f9993c1afac	455	1004	1470	425
METHOD_EXIT	io.netty.util.internal.MacAddressUtil#parseMAC(String):byte[]	fb9e44c085972fa6b945	455	1023	1489	344
METHOD_ENTRY	io.netty.util.internal.SWARUtil#applyPattern(long,long):long	41595b2a9fa17c728d84	413	993	1417	373
METHOD_EXIT	io.netty.util.internal.SWARUtil#applyPattern(long,long):long	c93686acb9ec6376e047	455	1070	1536	495
METHOD_ENTRY	io.netty.util.internal.SWARUtil#getIndex(long,boolean):int	850f0d9d897c9d88fdc7	413	945	1369	228
METHOD_EXIT	io.netty.util.internal.SWARUtil#getIndex(long,boolean):int	316c643c96f0e0d93582	455	1022	1488	355
METHOD_ENTRY	io.netty.util.internal.SWARUtil#applyUpperCasePattern(long):long	5ad6c8cb458633c7d22d	413	1056	1480	353
METHOD_ENTRY	io.netty.util.internal.MacAddressUtil#formatAddress(byte[]):String	d28e566fc41117d9a6e5	413	735	1159	322
METHOD_EXIT	io.netty.util.internal.SWARUtil#applyUpperCasePattern(long):long	b476216fe6ee5d46494b	455	1133	1599	336
METHOD_ENTRY	io.netty.util.internal.SWARUtil#applyUpperCasePattern(int):int	c6fdc7429c7b3dd78daa	413	982	1406	292
METHOD_EXIT	io.netty.util.internal.MacAddressUtil#scoreAddress(InetAddress):int	1016df91cf6f35c6d757	455	845	1311	308
METHOD_ENTRY	io.netty.util.internal.SWARUtil#applyLowerCasePattern(long):long	86c81232c754dbac9a23	413	1014	1438	302
METHOD_EXIT	io.netty.util.internal.SWARUtil#applyLowerCasePattern(int):int	cf2d5de88fb257e89ca8	455	1059	1525	278
METHOD_ENTRY	io.netty.util.internal.SWARUtil#applyLowerCasePattern(int):int	04797a5aa1a7dc8c54c9	413	982	1406	297
METHOD_EXIT	io.netty.util.internal.SWARUtil#applyUpperCasePattern(int):int	84539f0e8ce27bf9e22c	455	1059	1525	265
METHOD_EXIT	io.netty.util.internal.SWARUtil#containsUpperCase(long):boolean	6a7ed9a57bd8e768804b	455	991	1457	202
METHOD_EXIT	io.netty.util.internal.SWARUtil#containsUpperCase(int):boolean	99c6cb54c3fe00409370	455	991	1457	340
METHOD_ENTRY	io.netty.util.internal.SWARUtil#containsUpperCase(long):boolean	976c9ab1198a876f12b5	413	914	1338	359
METHOD_ENTRY	io.netty.util.internal.SWARUtil#containsUpperCase(int):boolean	1b778ea6c9ddfb929722	413	914	1338	317
METHOD_EXIT	io.netty.util.internal.SWARUtil#containsLowerCase(long):boolean	1b593f7d7abc18816ce4	455	991	1457	301
METHOD_ENTRY	io.netty.util.internal.SWARUtil#containsLowerCase(long):boolean	1a6dc9dd28d38aef6e69	413	914	1338	291
METHOD_EXIT	io.netty.util.internal.SWARUtil#applyLowerCasePattern(long):long	864616e27a010caeae7f	455	1091	1557	330
METHOD_ENTRY	io.netty.util.internal.SWARUtil#containsLowerCase(int):boolean	982eb1c130048ae7e89f	413	914	1338	342
METHOD_ENTRY	io.netty.util.internal.SWARUtil#toLowerCase(long):long	53ef0fdecc737836f9b7	413	923	1347	297
METHOD_EXIT	io.netty.util.internal.SWARUtil#toLowerCase(long):long	b764d2279dbcb36b3812	455	1000	1466	366
METHOD_ENTRY	io.netty.util.internal.SWARUtil#toUpperCase(long):long	8b29caa5ccca3f2a339d	413	924	1348	333
METHOD_ENTRY	io.netty.util.internal.SWARUtil#toLowerCase(int):int	f9773b63f651f70a06c9	413	923	1347	292
METHOD_ENTRY	io.netty.util.internal.SWARUtil#toUpperCase(int):int	6da2b305c6a29f908dec	413	924	1348	308
METHOD_EXIT	io.netty.util.internal.SWARUtil#toUpperCase(long):long	345d508b04d4690c3c78	455	1001	1467	365
METHOD_ENTRY	io.netty.util.internal.MacAddressUtil#compareAddresses(byte[],byte[]):int	4000c07f13644b9f93c0	413	973	1397	219
METHOD_EXIT	io.netty.util.internal.SWARUtil#containsLowerCase(int):boolean	9f1f8fe6ece719f124c0	455	991	1457	295
METHOD_EXIT	io.netty.util.internal.SWARUtil#toUpperCase(int):int	d0096fb74c20b5d73ac5	455	1001	1467	301
METHOD_ENTRY	io.netty.util.internal.EmptyPriorityQueue#removeTyped(T):boolean	a6115d7d0d0d14b9741c	413	665	1089	95
METHOD_EXIT	io.netty.util.internal.EmptyPriorityQueue#instance():EmptyPriorityQueue<V>	642107e530a3b8b67849	455	756	1222	229
METHOD_ENTRY	io.netty.util.internal.EmptyPriorityQueue#instance():EmptyPriorityQueue<V>	7f4b723ee3520877a3e7	413	679	1103	204
METHOD_EXIT	io.netty.util.internal.EmptyPriorityQueue#containsTyped(T):boolean	d66dd927baca68be9dbd	455	742	1208	57
METHOD_ENTRY	io.netty.util.internal.MacAddressUtil#scoreAddress(InetAddress):int	779ebc4524ef67f3cfb6	413	768	1192	353
METHOD_ENTRY	io.netty.util.internal.EmptyPriorityQueue#priorityChanged(T):void	8c34512d6ef259d8a24b	413	661	1085	155
METHOD_EXIT	io.netty.util.internal.EmptyPriorityQueue#priorityChanged(T):void	071c5079b042e61c4a3f	455	672	1138	210
METHOD_ENTRY	io.netty.util.internal.EmptyPriorityQueue#containsTyped(T):boolean	56fc37094fc8f9a835f6	413	665	1089	225
METHOD_EXIT	io.netty.util.internal.EmptyPriorityQueue#size():int	f3f4fb09bcfba542848f	455	733	1199	61
METHOD_EXIT	io.netty.util.internal.EmptyPriorityQueue#isEmpty():boolean	8cee3a88b4a5f3177817	455	734	1200	55
METHOD_ENTRY	io.netty.util.internal.EmptyPriorityQueue#size():int	f70f4ed39480932edc19	413	659	1083	96
METHOD_ENTRY	io.netty.util.internal.EmptyPriorityQueue#iterator():Iterator<T>	72972171704cd824ce9e	413	669	1093	194
METHOD_ENTRY	io.netty.util.internal.EmptyPriorityQueue#contains(Object):boolean	3fd39ae49501b2fcbfba	413	663	1087	217
METHOD_EXIT	io.netty.util.internal.EmptyPriorityQueue#contains(Object):boolean	5ce81cd7d158bde8af80	455	740	1206	151
METHOD_ENTRY	io.netty.util.internal.EmptyPriorityQueue#isEmpty():boolean	ebb27f8166ecda2c9f01	413	660	1084	235
METHOD_EXIT	io.netty.util.internal.SWARUtil#toLowerCase(int):int	af7ae53c3e68ed6f53d7	455	1000	1466	300
METHOD_EXIT	io.netty.util.internal.EmptyPriorityQueue#removeTyped(T):boolean	2c51aca83130996d453f	455	742	1208	54
METHOD_ENTRY	io.netty.util.internal.EmptyPriorityQueue#toArray():Object[]	81c6d9db42e8e77cb195	413	666	1090	231
METHOD_EXIT	io.netty.util.internal.EmptyPriorityQueue#iterator():Iterator<T>	fb9bc06a463532a549e6	455	744	1210	229
METHOD_ENTRY	io.netty.util.internal.EmptyPriorityQueue#add(T):boolean	8194513af3fe15b66e00	413	663	1087	97
METHOD_EXIT	io.netty.util.internal.EmptyPriorityQueue#toArray(T1[]):T1[]	a979d490a06caf13d964	455	775	1241	294
METHOD_EXIT	io.netty.util.internal.EmptyPriorityQueue#remove(Object):boolean	c2210943b76972d9c7aa	455	740	1206	108
METHOD_EXIT	io.netty.util.internal.EmptyPriorityQueue#toArray():Object[]	8a7ee41c85b188cdf354	455	740	1206	224
METHOD_ENTRY	io.netty.util.internal.EmptyPriorityQueue#toArray(T1[]):T1[]	be643db55dfe98f08dac	413	697	1121	219
METHOD_EXIT	io.netty.util.internal.EmptyPriorityQueue#add(T):boolean	c586e3c5951dea6d175d	455	740	1206	51
METHOD_ENTRY	io.netty.util.internal.EmptyPriorityQueue#containsAll(Collection<?>):boolean	7635b969bb82ed80d858	413	668	1092	226
METHOD_ENTRY	io.netty.util.internal.EmptyPriorityQueue#remove(Object):boolean	f38cea463e0e854f6001	413	663	1087	217
METHOD_EXIT	io.netty.util.internal.EmptyPriorityQueue#containsAll(Collection<?>):boolean	9877b99e594de2b1bceb	455	745	1211	202
METHOD_ENTRY	io.netty.util.internal.EmptyPriorityQueue#removeAll(Collection<?>):boolean	fc58c32cdcdda404d298	413	668	1092	260
METHOD_EXIT	io.netty.util.internal.EmptyPriorityQueue#addAll(Collection<? extends T>):boolean	6afabfa3ca49e5820100	455	752	1218	60
METHOD_EXIT	io.netty.util.internal.EmptyPriorityQueue#removeAll(Collection<?>):boolean	8368071694f4fa1b7142	455	745	1211	301
METHOD_ENTRY	io.netty.util.internal.EmptyPriorityQueue#clear():void	9f8252abac94855b67d0	413	654	1078	238
METHOD_ENTRY	io.netty.util.internal.EmptyPriorityQueue#retainAll(Collection<?>):boolean	8dfb552beeba861bc81a	413	668	1092	225
METHOD_ENTRY	io.netty.util.internal.EmptyPriorityQueue#clearIgnoringIndexes():void	c515aeb45d062d9ed251	413	658	1082	202
METHOD_EXIT	io.netty.util.internal.EmptyPriorityQueue#retainAll(Collection<?>):boolean	8bca3057cd9f0ccd6f7c	455	745	1211	271
METHOD_EXIT	io.netty.util.internal.EmptyPriorityQueue#clearIgnoringIndexes():void	356cc2c39a85ac901976	455	669	1135	223
METHOD_ENTRY	io.netty.util.internal.EmptyPriorityQueue#equals(Object):boolean	7a74f1f52a98bcfdddee	413	675	1099	177
METHOD_ENTRY	io.netty.util.internal.EmptyPriorityQueue#addAll(Collection<? extends T>):boolean	ffb2ec4fa485e428981b	413	675	1099	211
METHOD_EXIT	io.netty.util.internal.EmptyPriorityQueue#equals(Object):boolean	a12c8ba8373d7d6bd347	455	752	1218	293
METHOD_EXIT	io.netty.util.internal.EmptyPriorityQueue#hashCode():int	f53ea7148b981da55200	455	735	1201	42
METHOD_EXIT	io.netty.util.internal.EmptyPriorityQueue#clear():void	3950516dd495819cece3	455	665	1131	249
METHOD_ENTRY	io.netty.util.internal.EmptyPriorityQueue#hashCode():int	842576881f591ef7cfff	413	661	1085	52
METHOD_ENTRY	io.netty.util.internal.EmptyPriorityQueue#offer(T):boolean	cbaa547b036437c86a2c	413	663	1087	235
METHOD_ENTRY	io.netty.util.internal.EmptyPriorityQueue#remove():T	c7a924a204821a48c484	413	662	1086	227
METHOD_EXIT	io.netty.util.internal.EmptyPriorityQueue#offer(T):boolean	a197d6a82e3112e65daa	455	740	1206	228
METHOD_ENTRY	io.netty.util.internal.EmptyPriorityQueue#poll():T	b5bc484b418553658836	413	658	1082	60
METHOD_EXIT	io.netty.util.internal.EmptyPriorityQueue#poll():T	3ec171ad7e35daa11366	455	732	1198	55
METHOD_EXIT	io.netty.util.internal.EmptyPriorityQueue#element():T	7456f663f660f6a9c57c	455	736	1202	64
METHOD_ENTRY	io.netty.util.internal.EmptyPriorityQueue#peek():T	dafc2d8d054316057a2a	413	658	1082	232
METHOD_EXIT	io.netty.util.internal.EmptyPriorityQueue#peek():T	f8e6e03951de68d6f0c9	455	732	1198	46
METHOD_ENTRY	io.netty.util.internal.EmptyPriorityQueue#toString():String	a22c352e396e166ae435	413	666	1090	219
METHOD_ENTRY	io.netty.util.internal.ConcurrentSet#size():int	2399faf1c39114477bd9	413	491	915	109
METHOD_ENTRY	io.netty.util.internal.EmptyPriorityQueue#element():T	247bdd60455d0033e941	413	662	1086	264
METHOD_EXIT	io.netty.util.internal.ConcurrentSet#size():int	7d6204234ea970277dbb	455	565	1031	97
METHOD_ENTRY	io.netty.util.internal.ConcurrentSet#contains(Object):boolean	44ce8425fee0e6f63bf1	413	498	922	236
METHOD_ENTRY	io.netty.util.internal.ConcurrentSet#add(E):boolean	93f38316b91e9215e4ad	413	505	929	225
METHOD_EXIT	io.netty.util.internal.ConcurrentSet#contains(Object):boolean	9d98f4a176aa0c02090f	455	575	1041	288
METHOD_EXIT	io.netty.util.internal.ConcurrentSet#add(E):boolean	cf835ca72c13f70b5a46	455	582	1048	282
METHOD_ENTRY	io.netty.util.internal.ConcurrentSet#remove(Object):boolean	21332c914cfb1811c7d2	413	500	924	288
METHOD_EXIT	io.netty.util.internal.EmptyPriorityQueue#toString():String	24f992fac2015092d13e	455	740	1206	120
METHOD_ENTRY	io.netty.util.internal.ConcurrentSet#clear():void	bdecc7585efcac7f2d2f	413	490	914	189
METHOD_EXIT	io.netty.util.internal.ConcurrentSet#remove(Object):boolean	5c0b6c75a8f2d5be18be	455	577	1043	199
METHOD_EXIT	io.netty.util.internal.ConcurrentSet#clear():void	147b469ab00fc67c3a25	455	501	967	168
METHOD_ENTRY	io.netty.util.internal.ConcurrentSet#iterator():Iterator<E>	4a8c68a998e3b6ba2602	413	498	922	263
METHOD_EXIT	io.netty.util.internal.ConcurrentSet#iterator():Iterator<E>	0482e9243774cca962fc	455	573	1039	192
METHOD_ENTRY	io.netty.util.internal.ClassInitializerUtil#tryLoadClasses(Class<?>,Class<?>):void	f1a1b6467e830565046b	413	539	963	268
METHOD_EXIT	io.netty.util.internal.ClassInitializerUtil#tryLoadClasses(Class<?>,Class<?>):void	d1e533e95af14ffba840	455	550	1016	379
METHOD_ENTRY	io.netty.util.internal.ClassInitializerUtil#tryLoadClass(ClassLoader,String):void	f35adc111627fffa244e	413	552	976	206
METHOD_EXIT	io.netty.util.internal.ClassInitializerUtil#tryLoadClass(ClassLoader,String):void	542f5f63ff48894fb322	455	563	1029	290
METHOD_EXIT	io.netty.util.internal.EmptyPriorityQueue#remove():T	fa6ecd9146826663b4e9	455	736	1202	59
METHOD_ENTRY	io.netty.util.internal.ThreadLocalRandom#run():void	35d985bbe0d5cf6b5aae	413	1261	1685	245
METHOD_EXIT	io.netty.util.internal.ThreadLocalRandom#uncaughtException(Thread,Throwable):void	1c58cdd18dbce73dce91	455	1277	1743	246
METHOD_ENTRY	io.netty.util.internal.ThreadLocalRandom#uncaughtException(Thread,Throwable):void	81bb2b8b0a2643b70c44	413	1266	1690	273
METHOD_ENTRY	io.netty.util.internal.ThreadLocalRandom#getInitialSeedUniquifier():long	dd615966a68b71a89685	413	1783	2207	311
METHOD_EXIT	io.netty.util.internal.ThreadLocalRandom#run():void	fdb4a28fbb2e25403356	455	1272	1738	277
METHOD_EXIT	io.netty.util.internal.ThreadLocalRandom#getInitialSeedUniquifier():long	aac9f1cf5ca77bb14126	455	1857	2323	364
METHOD_ENTRY	io.netty.util.internal.ThreadLocalRandom#newSeed():long	d1cd25844d378b0ab455	413	1494	1918	219
METHOD_EXIT	io.netty.util.internal.ThreadLocalRandom#newSeed():long	a6187bb809a56469c184	455	1568	2034	327
METHOD_EXIT	io.netty.util.internal.ThreadLocalRandom#mix64(long):long	d939b0dcd571b430389a	455	1418	1884	323
METHOD_ENTRY	io.netty.util.internal.ThreadLocalRandom#mix64(long):long	e79409f59c51a587d2ba	413	1341	1765	263
METHOD_EXIT	io.netty.util.internal.ThreadLocalRandom#setInitialSeedUniquifier(long):void	72ad139ca96f470d9de8	455	1322	1788	206
METHOD_ENTRY	io.netty.util.internal.ThreadLocalRandom#setInitialSeedUniquifier(long):void	2b49bd2acd7fef7ecf7d	413	1311	1735	239
METHOD_EXIT	io.netty.util.internal.ThreadLocalRandom#setSeed(long):void	392b7a96a02c4f3f073c	455	1318	1784	241
METHOD_EXIT	io.netty.util.internal.ThreadLocalRandom#next(int):int	cf37e18c85b8a602c612	455	1384	1850	232
METHOD_ENTRY	io.netty.util.internal.ThreadLocalRandom#nextInt(int,int):int	23c4ed33b23ad9cd53ec	413	1316	1740	188
METHOD_ENTRY	io.netty.util.internal.ThreadLocalRandom#current():ThreadLocalRandom	ea97fba7975faa260f0e	413	1287	1711	134
METHOD_ENTRY	io.netty.util.internal.ThreadLocalRandom#setSeed(long):void	8db6c01d686cea4281ee	413	1307	1731	223
METHOD_ENTRY	io.netty.util.internal.ThreadLocalRandom#next(int):int	7937baa56d62205c5293	413	1307	1731	298
METHOD_EXIT	io.netty.util.internal.ThreadLocalRandom#current():ThreadLocalRandom	8d1b7115a9ddc994f00e	455	1363	1829	303
METHOD_ENTRY	io.netty.util.internal.ThreadLocalRandom#nextLong(long,long):long	24b075b8f78067f26d5a	413	1316	1740	196
METHOD_EXIT	io.netty.util.internal.ThreadLocalRandom#nextLong(long):long	64f26332cabd363e026d	455	1533	1999	289
METHOD_EXIT	io.netty.util.internal.ThreadLocalRandom#nextLong(long,long):long	10280720df3e033c7128	455	1393	1859	294
METHOD_EXIT	io.netty.util.internal.ThreadLocalRandom#nextDouble(double):double	3126143a598141e4c3a9	455	1372	1838	298
METHOD_ENTRY	io.netty.util.internal.ThreadLocalRandom#nextLong(long):long	4bd004113c7a4b35ce0b	413	1456	1880	108
METHOD_ENTRY	io.netty.util.internal.ThreadLocalRandom#nextDouble(double):double	e73865e6a87983b8f8a6	413	1295	1719	171
METHOD_ENTRY	io.netty.util.internal.PendingWrite#newObject(Handle<PendingWrite>):PendingWrite	c0a335116a978cba94bb	413	559	983	42
METHOD_EXIT	io.netty.util.internal.ThreadLocalRandom#nextInt(int,int):int	9e57348f05f0d4b8389c	455	1393	1859	276
METHOD_ENTRY	io.netty.util.internal.ThreadLocalRandom#nextDouble(double,double):double	66e1d92a8c85fd84a8ca	413	1319	1743	254
METHOD_EXIT	io.netty.util.internal.PendingWrite#newInstance(Object,Promise<Void>):PendingWrite	a57680644de64da0a08f	455	692	1158	248
METHOD_EXIT	io.netty.util.internal.PendingWrite#newObject(Handle<PendingWrite>):PendingWrite	bf2f8c2d470e5d49d11e	455	570	1036	243
METHOD_ENTRY	io.netty.util.internal.PendingWrite#newInstance(Object,Promise<Void>):PendingWrite	a48a7eab4df036185df1	413	614	1038	235
METHOD_EXIT	io.netty.util.internal.PendingWrite#recycle():boolean	67af7213239d852fa92c	455	657	1123	195
METHOD_ENTRY	io.netty.util.internal.PendingWrite#recycle():boolean	31383341c74529ec52c4	413	583	1007	55
METHOD_EXIT	io.netty.util.internal.ThreadLocalRandom#nextDouble(double,double):double	61880cc0e59a917eaf07	455	1396	1862	287
METHOD_EXIT	io.netty.util.internal.PendingWrite#promise():Promise<Void>	48551d94c659ff88dce6	455	646	1112	105
METHOD_ENTRY	io.netty.util.internal.PendingWrite#promise():Promise<Void>	ba3a1ce09325ce979f9d	413	571	995	218
METHOD_ENTRY	io.netty.util.internal.PendingWrite#successAndRecycle():boolean	0c16f27b184c33e24115	413	587	1011	254
METHOD_EXIT	io.netty.util.internal.PendingWrite#successAndRecycle():boolean	0cf9256b6599056d0a6d	455	661	1127	228
METHOD_ENTRY	io.netty.util.internal.PendingWrite#msg():Object	e53be1bcf6f078f50739	413	567	991	73
METHOD_EXIT	io.netty.util.internal.PendingWrite#failAndRecycle(Throwable):boolean	ded66c7b7400a8217c8d	455	677	1143	269
METHOD_EXIT	io.netty.util.internal.PendingWrite#msg():Object	b51c3c38dc7705a38baf	455	641	1107	209
METHOD_ENTRY	io.netty.util.internal.PendingWrite#recycleAndGet():Promise<Void>	1b231c62402c53239535	413	588	1012	248
METHOD_ENTRY	io.netty.util.internal.AppendableCharSequence#setLength(int):void	f7c8828359af2be9e690	413	739	1163	210
METHOD_ENTRY	io.netty.util.internal.AppendableCharSequence#length():int	bfff150feeb1b06159a2	413	691	1115	107
METHOD_EXIT	io.netty.util.internal.AppendableCharSequence#setLength(int):void	68d24d2427ec9041f0ad	455	750	1216	259
METHOD_ENTRY	io.netty.util.internal.PendingWrite#failAndRecycle(Throwable):boolean	09615d6f9597c9b51cd8	413	600	1024	267
METHOD_EXIT	io.netty.util.internal.AppendableCharSequence#length():int	17a9607ee02addad377d	455	765	1231	89
METHOD_EXIT	io.netty.util.internal.PendingWrite#recycleAndGet():Promise<Void>	2bb5640d7b3efbdd07d6	455	663	1129	258
METHOD_ENTRY	io.netty.util.internal.AppendableCharSequence#charAtUnsafe(int):char	9ec550d1fdd625895ec3	413	698	1122	165
METHOD_EXIT	io.netty.util.internal.AppendableCharSequence#charAtUnsafe(int):char	97b7d73017e5bdcda19a	455	775	1241	204
METHOD_ENTRY	io.netty.util.internal.AppendableCharSequence#charAt(int):char	c3c7035bafe902503f5c	413	718	1142	207
METHOD_ENTRY	io.netty.util.internal.AppendableCharSequence#append(char):AppendableCharSequence	c3d64731484186060676	413	755	1179	175
METHOD_ENTRY	io.netty.util.internal.AppendableCharSequence#subSequence(int,int):AppendableCharSequence	5dacb382f9494e018b8f	413	810	1234	206
METHOD_EXIT	io.netty.util.internal.AppendableCharSequence#append(char):AppendableCharSequence	0886d1ee27f13c967418	455	835	1301	248
METHOD_EXIT	io.netty.util.internal.AppendableCharSequence#charAt(int):char	6425f2ee280240461da9	455	795	1261	263
METHOD_ENTRY	io.netty.util.internal.AppendableCharSequence#append(CharSequence):AppendableCharSequence	24b375d5dd585510bd3d	413	716	1140	247
METHOD_EXIT	io.netty.util.internal.AppendableCharSequence#append(CharSequence):AppendableCharSequence	6498f0b8c1e3345e282f	455	796	1262	238
METHOD_ENTRY	io.netty.util.internal.AppendableCharSequence#append(CharSequence,int,int):AppendableCharSequence	f3c7428a1d60d2f33419	413	903	1327	219
METHOD_EXIT	io.netty.util.internal.AppendableCharSequence#toString():String	92de516b6f3b05e8e7b8	455	774	1240	315
METHOD_EXIT	io.netty.util.internal.AppendableCharSequence#subSequence(int,int):AppendableCharSequence	8e2011ceb42306fb78f9	455	890	1356	241
METHOD_ENTRY	io.netty.util.internal.AppendableCharSequence#substring(int,int):String	16760077e2da7dc463f9	413	752	1176	228
METHOD_EXIT	io.netty.util.internal.AppendableCharSequence#substring(int,int):String	3324025599406c4456e8	455	829	1295	204
METHOD_EXIT	io.netty.util.internal.AppendableCharSequence#reset():void	1e980fde1b142e8dd741	455	701	1167	217
METHOD_ENTRY	io.netty.util.internal.AppendableCharSequence#reset():void	2e1398ac33271ba0c1dd	413	690	1114	201
METHOD_ENTRY	io.netty.util.internal.AppendableCharSequence#expand(char[],int,int):char[]	005bcb0e92f2859f44e8	413	803	1227	213
METHOD_ENTRY	io.netty.util.internal.AppendableCharSequence#toString():String	80f11a3c175cf032463e	413	700	1124	207
METHOD_EXIT	io.netty.util.internal.AppendableCharSequence#append(CharSequence,int,int):AppendableCharSequence	df39aa3aca307c04a90b	455	983	1449	310
METHOD_ENTRY	io.netty.util.internal.AppendableCharSequence#subStringUnsafe(int,int):String	bfc9d23de183557278ea	413	714	1138	234
METHOD_EXIT	io.netty.util.internal.AppendableCharSequence#expand(char[],int,int):char[]	fd0e554c5403c6654d6b	455	880	1346	267
METHOD_ENTRY	io.netty.util.internal.CleanableDirectBuffer#memoryAddress():long	37082c71d4747651b945	413	604	1028	213
METHOD_EXIT	io.netty.util.internal.CleanableDirectBuffer#memoryAddress():long	5c6a5bdf2d962808185d	455	678	1144	207
METHOD_EXIT	io.netty.util.internal.AppendableCharSequence#subStringUnsafe(int,int):String	57f4e2b8defe74332634	455	791	1257	262
METHOD_ENTRY	io.netty.util.internal.CleanableDirectBuffer#hasMemoryAddress():boolean	a74767634ac4b3900e98	413	605	1029	68
METHOD_EXIT	io.netty.util.internal.CleanableDirectBuffer#hasMemoryAddress():boolean	3003ebca0db9d0902ba5	455	679	1145	63
METHOD_ENTRY	io.netty.util.internal.CleanerJava25#allocate(int):CleanableDirectBuffer	4617072d9283f752142a	413	622	1046	113
METHOD_EXIT	io.netty.util.internal.CleanerJava25#allocate(int):CleanableDirectBuffer	dcc10b377a3c964c54ec	455	702	1168	207
METHOD_EXIT	io.netty.util.internal.CleanerJava25#isSupported():boolean	c221f25609d871b44695	455	571	1037	234
METHOD_EXIT	io.netty.util.internal.CleanerJava25#hasExpensiveClean():boolean	4c2ff94373785978bdc6	455	601	1067	45
METHOD_ENTRY	io.netty.util.internal.CleanerJava25#buffer():ByteBuffer	6e72869ec5b496fcebd6	413	495	919	97
METHOD_EXIT	io.netty.util.internal.CleanerJava25#freeDirectBuffer(ByteBuffer):void	3579c08f33e2f7f7eac8	455	526	992	271
METHOD_ENTRY	io.netty.util.internal.CleanerJava25#isSupported():boolean	6b7bbda49b986f699d58	413	497	921	89
METHOD_EXIT	io.netty.util.internal.CleanerJava25#clean():void	5e43062c516e3bb64aa6	455	577	1043	72
METHOD_ENTRY	io.netty.util.internal.CleanerJava25#hasMemoryAddress():boolean	ce19214a8a6a704080ea	413	497	921	48
METHOD_ENTRY	io.netty.util.internal.CleanerJava25#clean():void	0e3ef8b5b2c1e869f2fc	413	566	990	199
METHOD_EXIT	io.netty.util.internal.CleanerJava25#buffer():ByteBuffer	80afb14180206ca9fe3f	455	570	1036	300
METHOD_ENTRY	io.netty.util.internal.CleanerJava25#hasExpensiveClean():boolean	033d9de325c3af393f94	413	527	951	155
METHOD_ENTRY	io.netty.util.internal.CleanerJava25#freeDirectBuffer(ByteBuffer):void	81827aa633fb11f6f260	413	515	939	210
METHOD_ENTRY	io.netty.util.internal.CleanableDirectBufferImpl#buffer():ByteBuffer	93b84c569c59a52af5da	413	386	810	243
METHOD_EXIT	io.netty.util.internal.CleanableDirectBufferImpl#buffer():ByteBuffer	4f14b61d374a9d6f1071	455	461	927	186
METHOD_EXIT	io.netty.util.internal.CleanerJava25#memoryAddress():long	95df9b612e0ed23c3e73	455	570	1036	103
METHOD_EXIT	io.netty.util.internal.CleanerJava25#hasMemoryAddress():boolean	42b2c7d9043e595eefd7	455	571	1037	93
METHOD_ENTRY	io.netty.util.internal.CleanerJava25#memoryAddress():long	94cb475cdccfb311a46e	413	496	920	126
METHOD_EXIT	io.netty.util.internal.CleanableDirectBufferImpl#hasMemoryAddress():boolean	bce2fe6cdf443c4263f0	455	462	928	55
METHOD_ENTRY	io.netty.util.internal.ObjectPool#newPool(ObjectCreator<T>):ObjectPool<T>	b4adb67965e3b2dbc73f	413	575	999	130
METHOD_EXIT	io.netty.util.internal.CleanableDirectBufferImpl#clean():void	45bef681a9c9aee4bc77	455	468	934	226
METHOD_ENTRY	io.netty.util.internal.CleanableDirectBufferImpl#hasMemoryAddress():boolean	eacad85a9a3fc0e307c8	413	388	812	40
METHOD_EXIT	io.netty.util.internal.CleanableDirectBufferImpl#memoryAddress():long	a10b5d9ffcbf9e068abc	455	461	927	98
METHOD_ENTRY	io.netty.util.internal.ObjectPool#newObject(Handle<T>):T	28bec38710d5aa11a0a1	413	520	944	5
METHOD_ENTRY	io.netty.util.internal.CleanableDirectBufferImpl#memoryAddress():long	71a4fab22fe7feeb9475	413	387	811	106
METHOD_ENTRY	io.netty.util.internal.RecyclerObjectPool#newObject(Handle<T>):T	834580daec2085e0361a	413	370	794	5
METHOD_EXIT	io.netty.util.internal.ObjectPool#newPool(ObjectCreator<T>):ObjectPool<T>	f8e44b752edb7a7329ec	455	654	1120	216
METHOD_EXIT	io.netty.util.internal.ObjectPool#newObject(Handle<T>):T	6609b0009d1f6ea10b30	455	531	997	51
METHOD_EXIT	io.netty.util.internal.RecyclerObjectPool#newObject(Handle<T>):T	2d590b17e68e7202ad49	455	381	847	43
METHOD_ENTRY	io.netty.util.internal.RecyclerObjectPool#get():T	9ab0a429b4477d393854	413	381	805	5
METHOD_EXIT	io.netty.util.internal.RecyclerObjectPool#get():T	b835186a8ef382af54f5	455	455	921	200
METHOD_EXIT	io.netty.util.internal.ObjectPool#get():T	dc6b51bd29c63ec13df8	455	608	1074	106
METHOD_EXIT	io.netty.util.internal.BoundedInputStream#read():int	8f1d27fb152410992252	455	549	1015	307
METHOD_ENTRY	io.netty.util.internal.BoundedInputStream#read(byte[],int,int):int	8e4793c2555f1aab6eb3	413	540	964	207
METHOD_ENTRY	io.netty.util.internal.ObjectPool#get():T	28176ad24e9c843b320e	413	534	958	84
METHOD_ENTRY	io.netty.util.internal.CleanableDirectBufferImpl#clean():void	d6b819aea5cf48ce2e97	413	457	881	5
METHOD_ENTRY	io.netty.util.internal.BoundedInputStream#checkMaxBytesRead():void	916fc1d97fe12541d47b	413	475	899	106
METHOD_ENTRY	io.netty.util.internal.BoundedInputStream#read():int	d4784730dc4770837eb2	413	475	899	168
METHOD_ENTRY	io.netty.util.internal.ObjectCleaner#run():void	df610b49bb75bdd51dbf	413	562	986	271
METHOD_EXIT	io.netty.util.internal.BoundedInputStream#read(byte[],int,int):int	b542575cec9dd7c479d0	455	617	1083	340
METHOD_ENTRY	io.netty.util.internal.ObjectCleaner#run():Void	4ef9fc197704e6865aa4	413	562	986	78
METHOD_EXIT	io.netty.util.internal.BoundedInputStream#checkMaxBytesRead():void	4ceda9fda36b9d95073d	455	486	952	172
METHOD_EXIT	io.netty.util.internal.ObjectCleaner#run():void	95199a4127f4613d4f75	455	573	1039	267
METHOD_ENTRY	io.netty.util.internal.ObjectCleaner#register(Object,Runnable):void	e34d3303828f8ac8116d	413	865	1289	225
METHOD_ENTRY	io.netty.util.internal.ObjectCleaner#getLiveSetCount():int	a7cbea17959863bf6c66	413	585	1009	97
METHOD_ENTRY	io.netty.util.internal.ObjectCleaner#cleanup():void	00ef4085aed37bf2ed14	413	577	1001	241
METHOD_EXIT	io.netty.util.internal.ObjectCleaner#register(Object,Runnable):void	7b6f5511af4a68756ba3	455	876	1342	258
METHOD_EXIT	io.netty.util.internal.ObjectCleaner#cleanup():void	412843f7f249743af373	455	588	1054	286
METHOD_ENTRY	io.netty.util.internal.ObjectCleaner#get():Thread	165b3a9b0fba794f0cd1	413	579	1003	46
METHOD_EXIT	io.netty.util.internal.ObjectCleaner#getLiveSetCount():int	6dea2c4d531bf54076a6	455	659	1125	287
METHOD_EXIT	io.netty.util.internal.ObjectCleaner#run():Void	bfc68f93a869d32c7f36	455	573	1039	276
METHOD_ENTRY	io.netty.util.internal.AutomaticCleanerReference#get():Thread	fceea97b9eb6f5a435df	413	381	805	42
METHOD_EXIT	io.netty.util.internal.ObjectCleaner#clear():void	209a822c660fed7d869b	455	597	1063	190
METHOD_ENTRY	io.netty.util.internal.ObjectCleaner#clear():void	446de4ca1a4640187f8d	413	586	1010	140
METHOD_EXIT	io.netty.util.internal.ObjectCleaner#get():Thread	b4b17e8bd4c48fb899f8	455	653	1119	47
METHOD_ENTRY	io.netty.util.internal.AutomaticCleanerReference#cleanup():void	a9a8db63d70d9029c9ab	413	379	803	59
METHOD_ENTRY	io.netty.util.internal.Cleaner#reallocate(CleanableDirectBuffer,int):CleanableDirectBuffer	039c075ce49359275f3e	413	789	1213	229
METHOD_EXIT	io.netty.util.internal.Cleaner#reallocate(CleanableDirectBuffer,int):CleanableDirectBuffer	7fdd30aed60057adeac7	455	869	1335	253
METHOD_EXIT	io.netty.util.internal.AutomaticCleanerReference#clear():void	dfb5b84c055f81f78d9a	455	399	865	5
METHOD_ENTRY	io.netty.util.internal.AutomaticCleanerReference#clear():void	938a89ed959f997173eb	413	388	812	5
METHOD_EXIT	io.netty.util.internal.AutomaticCleanerReference#cleanup():void	eabf22d0cb7eafeec58d	455	390	856	48
METHOD_EXIT	io.netty.util.internal.AutomaticCleanerReference#get():Thread	41c400ee608c430ef28e	455	455	921	98
METHOD_ENTRY	io.netty.util.internal.NativeLibraryLoader#calculateMangledPackagePrefix():String	d20417c7b75200b2fe38	413	1213	1637	273
METHOD_ENTRY	io.netty.util.internal.NativeLibraryLoader#load(String,ClassLoader):void	b76652969640ed04a543	413	1993	2417	259
METHOD_EXIT	io.netty.util.internal.NativeLibraryLoader#calculateMangledPackagePrefix():String	e6d58ea6860d5fcda865	455	1287	1753	309
METHOD_EXIT	io.netty.util.internal.NativeLibraryLoader#loadFirstAvailable(ClassLoader,String):void	a8f2d8fe62f404cf8048	455	1205	1671	328
METHOD_ENTRY	io.netty.util.internal.NativeLibraryLoader#loadFirstAvailable(ClassLoader,String):void	fc231b917df1a64431a1	413	1194	1618	224
METHOD_ENTRY	io.netty.util.internal.NativeLibraryLoader#digest(MessageDigest,URL):byte[]	e29518030add2b87bf91	413	1164	1588	252
METHOD_EXIT	io.netty.util.internal.NativeLibraryLoader#digest(MessageDigest,URL):byte[]	ae39be2eb5c773373fee	455	1241	1707	294
METHOD_ENTRY	io.netty.util.internal.NativeLibraryLoader#getResource(String,ClassLoader):URL	1945e1826c18f164899b	413	1504	1928	280
METHOD_ENTRY	io.netty.util.internal.NativeLibraryLoader#tryPatchShadedLibraryIdAndSign(File,String):void	6ce7cd99ee21fc8424a5	413	1216	1640	233
METHOD_EXIT	io.netty.util.internal.NativeLibraryLoader#getResource(String,ClassLoader):URL	012098f90890741c6983	455	1581	2047	296
METHOD_EXIT	io.netty.util.internal.NativeLibraryLoader#load(String,ClassLoader):void	6e103cef15e2bf5b05e7	455	2004	2470	333
METHOD_EXIT	io.netty.util.internal.NativeLibraryLoader#tryExec(String):boolean	59feca5af412bb65b055	455	1279	1745	305
METHOD_ENTRY	io.netty.util.internal.NativeLibraryLoader#shouldShadedLibraryIdBePatched(String):boolean	36b8c7c8cf4ffeed253f	413	1105	1529	171
METHOD_ENTRY	io.netty.util.internal.NativeLibraryLoader#generateUniqueId(int):byte[]	20a0046b0ae99602d827	413	1152	1576	253
METHOD_EXIT	io.netty.util.internal.NativeLibraryLoader#tryPatchShadedLibraryIdAndSign(File,String):void	dd91d50cf3fd14f6fb79	455	1227	1693	297
METHOD_ENTRY	io.netty.util.internal.NativeLibraryLoader#tryExec(String):boolean	31c7a8f438d711b3de1b	413	1202	1626	265
METHOD_EXIT	io.netty.util.internal.NativeLibraryLoader#loadLibrary(ClassLoader,String,boolean):void	1f3a052ccbdfc574bee7	455	1347	1813	277
METHOD_ENTRY	io.netty.util.internal.NativeLibraryLoader#loadLibraryByHelper(Class<?>,String,boolean):void	d78bfaa9e21e22fc8d9a	413	1310	1734	234
METHOD_EXIT	io.netty.util.internal.NativeLibraryLoader#shouldShadedLibraryIdBePatched(String):boolean	ab3031ac1e90a2252f39	455	1182	1648	207
METHOD_EXIT	io.netty.util.internal.NativeLibraryLoader#generateUniqueId(int):byte[]	0824a3feb01f8a2eb189	455	1229	1695	263
METHOD_EXIT	io.netty.util.internal.NativeLibraryLoader#loadLibraryByHelper(Class<?>,String,boolean):void	23b7148cd3cd0357f402	455	1321	1787	244
METHOD_ENTRY	io.netty.util.internal.NativeLibraryLoader#loadLibrary(ClassLoader,String,boolean):void	4d6e3a22b2707ea90867	413	1336	1760	314
METHOD_ENTRY	io.netty.util.internal.NativeLibraryLoader#tryToLoadClass(ClassLoader,Class<?>):Class<?>	183d5e7ffc140a66596c	413	1371	1795	263
METHOD_EXIT	io.netty.util.internal.NativeLibraryLoader#tryToLoadClass(ClassLoader,Class<?>):Class<?>	cc103bf0c3ab7d2eef37	455	1449	1915	313
METHOD_ENTRY	io.netty.util.internal.NativeLibraryLoader#classToByteArray(Class<?>):byte[]	6f24212b80d02964e8d7	413	1264	1688	271
METHOD_ENTRY	io.netty.util.internal.NativeLibraryLoader#run():Object	bdfe0360e37ee6ad72e9	413	1050	1474	5
METHOD_EXIT	io.netty.util.internal.NativeLibraryLoader#run():Object	a09344970aa244fe3a5b	455	1061	1527	274
METHOD_ENTRY	io.netty.util.internal.NativeLibraryLoader#canExecuteExecutable(File):boolean	c4aec99acf0e0b7c0632	413	1334	1758	240
METHOD_ENTRY	io.netty.util.internal.ReadOnlyIterator#hasNext():boolean	33be62913ea640abe72c	413	433	857	246
METHOD_EXIT	io.netty.util.internal.ReadOnlyIterator#hasNext():boolean	0bf37f7c526d0302d917	455	507	973	151
METHOD_EXIT	io.netty.util.internal.NativeLibraryLoader#canExecuteExecutable(File):boolean	4e29250dba9dff509b44	455	1411	1877	318
METHOD_ENTRY	io.netty.util.internal.ReadOnlyIterator#next():T	f03557f1fe2bea21ce9a	413	430	854	124
METHOD_EXIT	io.netty.util.internal.ReadOnlyIterator#next():T	e4c79f2b4447a0acbb7e	455	504	970	259
METHOD_ENTRY	io.netty.util.internal.ReadOnlyIterator#remove():void	e8a7faddbb08620e7a67	413	435	859	52
METHOD_ENTRY	io.netty.util.internal.NoexecVolumeDetector#canExecuteExecutable(File):boolean	72b12d3eeae56c1d6e98	413	648	1072	277
METHOD_ENTRY	io.netty.util.internal.NativeLibraryUtil#loadLibrary(String,boolean):void	e97549c5bbaf6ae135f1	413	634	1058	313
METHOD_EXIT	io.netty.util.internal.NativeLibraryLoader#run():Class<?>	f54bfefe21ec0f2cb11d	455	1062	1528	271
METHOD_EXIT	io.netty.util.internal.NativeLibraryUtil#loadLibrary(String,boolean):void	700ddeca14f486b8f655	455	645	1111	331
METHOD_EXIT	io.netty.util.internal.ReadOnlyIterator#remove():void	589ef6fd553f51389b3c	455	446	912	55
METHOD_ENTRY	io.netty.util.internal.NativeLibraryLoader#run():Class<?>	d469c26179182f8c86e0	413	1051	1475	5
METHOD_EXIT	io.netty.util.internal.NativeLibraryLoader#classToByteArray(Class<?>):byte[]	d2def1d8c0c5b9dcbb84	455	1341	1807	247
METHOD_EXIT	io.netty.util.internal.NoexecVolumeDetector#canExecuteExecutable(File):boolean	b69e86972378f1549725	455	725	1191	310
METHOD_EXIT	io.netty.util.internal.PlatformDependent#allocate(int):CleanableDirectBuffer	eb4ce01604f718320032	455	5256	5722	248
METHOD_EXIT	io.netty.util.internal.PlatformDependent#buffer():ByteBuffer	93b15acf19dbd79bde0a	455	5253	5719	244
METHOD_ENTRY	io.netty.util.internal.PlatformDependent#buffer():ByteBuffer	10cd7dcfb28131868e88	413	5242	5666	289
METHOD_ENTRY	io.netty.util.internal.PlatformDependent#memoryAddress():long	d575a325da5ffb442c24	413	5242	5666	252
METHOD_EXIT	io.netty.util.internal.PlatformDependent#hasMemoryAddress():boolean	59b2e55453cb94ab10f4	455	5254	5720	309
METHOD_EXIT	io.netty.util.internal.PlatformDependent#memoryAddress():long	fc351edcac79e0af5465	455	5253	5719	282
METHOD_ENTRY	io.netty.util.internal.PlatformDependent#allocate(int):CleanableDirectBuffer	a435e663138083616503	413	5245	5669	272
METHOD_EXIT	io.netty.util.internal.PlatformDependent#clean():void	f0e9d8778833eb83829c	455	5252	5718	288
METHOD_ENTRY	io.netty.util.internal.PlatformDependent#hasMemoryAddress():boolean	05d0e0112bfbab57be55	413	5243	5667	274
METHOD_ENTRY	io.netty.util.internal.PlatformDependent#clean():void	1a8d3784f77146533b55	413	5241	5665	255
METHOD_EXIT	io.netty.util.internal.PlatformDependent#hasExpensiveClean():boolean	6e79c8c313c6ce3efdd6	455	5255	5721	312
METHOD_EXIT	io.netty.util.internal.PlatformDependent#freeDirectBuffer(ByteBuffer):void	cbbcf8d1c92f5d7b7852	455	5291	5757	247
METHOD_ENTRY	io.netty.util.internal.PlatformDependent#initializeVarHandle():boolean	cf95f759fab8e3b3889f	413	5503	5927	253
METHOD_ENTRY	io.netty.util.internal.PlatformDependent#addFilesystemOsClassifiers(Set<String>):void	49db83d3d028e0ef580c	413	5311	5735	229
METHOD_ENTRY	io.netty.util.internal.PlatformDependent#freeDirectBuffer(ByteBuffer):void	2d6234866818f7bed41d	413	5280	5704	218
METHOD_ENTRY	io.netty.util.internal.PlatformDependent#processOsReleaseFile(String,Set<String>):boolean	d5fb98aa1a5ebd79182d	413	5581	6005	323
METHOD_EXIT	io.netty.util.internal.PlatformDependent#processOsReleaseFile(String,Set<String>):boolean	d8c9e5933089150a09f9	455	5658	6124	320
METHOD_ENTRY	io.netty.util.internal.PlatformDependent#hasExpensiveClean():boolean	9bbb754987d1295153c3	413	5244	5668	317
METHOD_EXIT	io.netty.util.internal.PlatformDependent#initializeVarHandle():boolean	e9676e6d9ad4cdd66845	455	5577	6043	329
METHOD_ENTRY	io.netty.util.internal.PlatformDependent#addPropertyOsClassifiers(Set<String>):boolean	08b44b2937b1d42f66e4	413	5546	5970	281
METHOD_EXIT	io.netty.util.internal.PlatformDependent#addPropertyOsClassifiers(Set<String>):boolean	99cf9c0617117c9b730f	455	5623	6089	368
METHOD_ENTRY	io.netty.util.internal.PlatformDependent#hasDirectBufferNoCleanerConstructor():boolean	c7dc9f04d12ebdf9c6a7	413	5275	5699	324
METHOD_EXIT	io.netty.util.internal.PlatformDependent#byteArrayBaseOffset():long	5fafed6f5c89724bbba1	455	5340	5806	165
METHOD_EXIT	io.netty.util.internal.PlatformDependent#allocateUninitializedArray(int):byte[]	a1ed55b681503be9683f	455	5367	5833	297
METHOD_ENTRY	io.netty.util.internal.PlatformDependent#isAndroid():boolean	0ae1287623716395a38c	413	5263	5687	353
METHOD_EXIT	io.netty.util.internal.PlatformDependent#addFilesystemOsClassifiers(Set<String>):void	c2b6b8de37a589d38753	455	5322	5788	268
METHOD_EXIT	io.netty.util.internal.PlatformDependent#isAndroid():boolean	ebbc8e6c841051fcd6ff	455	5337	5803	311
METHOD_ENTRY	io.netty.util.internal.PlatformDependent#isWindows():boolean	69c3e8da43499e71ea44	413	5260	5684	65
METHOD_EXIT	io.netty.util.internal.PlatformDependent#isWindows():boolean	a122cc7cf3551300da7e	455	5334	5800	88
METHOD_ENTRY	io.netty.util.internal.PlatformDependent#byteArrayBaseOffset():long	80555095a8672d19c989	413	5266	5690	50
METHOD_ENTRY	io.netty.util.internal.PlatformDependent#isOsx():boolean	c853fd2a6d4fb4e390ed	413	5263	5687	293
METHOD_ENTRY	io.netty.util.internal.PlatformDependent#allocateUninitializedArray(int):byte[]	0d8eaf1f145a831fe5b0	413	5290	5714	105
METHOD_ENTRY	io.netty.util.internal.PlatformDependent#maybeSuperUser():boolean	a5aabfc0731030c58982	413	5265	5689	131
METHOD_EXIT	io.netty.util.internal.PlatformDependent#maybeSuperUser():boolean	1832cb54487a13653552	455	5339	5805	90
METHOD_EXIT	io.netty.util.internal.PlatformDependent#hasDirectBufferNoCleanerConstructor():boolean	79ecf600a19eab79d8a3	455	5349	5815	106
METHOD_ENTRY	io.netty.util.internal.PlatformDependent#javaVersion():int	40a38db4a63a6cdf0d90	413	5263	5687	319
METHOD_ENTRY	io.netty.util.internal.PlatformDependent#isVirtualThread(Thread):boolean	cab56f777bcb0b2ecdef	413	5272	5696	235
METHOD_ENTRY	io.netty.util.internal.PlatformDependent#canEnableTcpNoDelayByDefault():boolean	42b18586e97ab4607949	413	5275	5699	393
METHOD_EXIT	io.netty.util.internal.PlatformDependent#canEnableTcpNoDelayByDefault():boolean	6d172821ae9015832ee3	455	5349	5815	98
METHOD_EXIT	io.netty.util.internal.PlatformDependent#isOsx():boolean	01694163d926a44bb7ad	455	5337	5803	358
METHOD_ENTRY	io.netty.util.internal.PlatformDependent#getUnsafeUnavailabilityCause():Throwable	d89020eb0261d50c1d40	413	5271	5695	131
METHOD_EXIT	io.netty.util.internal.PlatformDependent#hasUnsafe():boolean	f02ce7b53678d2297643	455	5342	5808	250
METHOD_EXIT	io.netty.util.internal.PlatformDependent#getUnsafeUnavailabilityCause():Throwable	65b373d38c48bfc3c296	455	5345	5811	125
METHOD_ENTRY	io.netty.util.internal.PlatformDependent#isUnaligned():boolean	4e9a46a767c1f97f4799	413	5266	5690	195
METHOD_EXIT	io.netty.util.internal.PlatformDependent#isVirtualThread(Thread):boolean	e67395a14946b99ece43	455	5349	5815	285
METHOD_ENTRY	io.netty.util.internal.PlatformDependent#hasUnsafe():boolean	040d76d513b13e1fa134	413	5268	5692	236
METHOD_EXIT	io.netty.util.internal.PlatformDependent#javaVersion():int	1d53144b25a9f1144ef0	455	5337	5803	266
METHOD_ENTRY	io.netty.util.internal.PlatformDependent#directBufferPreferred():boolean	5f82185cc06cb599f931	413	5264	5688	307
METHOD_EXIT	io.netty.util.internal.PlatformDependent#directBufferPreferred():boolean	f57842cedb0aad958d21	455	5338	5804	262
METHOD_ENTRY	io.netty.util.internal.PlatformDependent#isExplicitNoPreferDirect():boolean	8fd0affb1719221129d8	413	5270	5694	339
METHOD_EXIT	io.netty.util.internal.PlatformDependent#isExplicitNoPreferDirect():boolean	e57e7c4ce31856b09a71	455	5344	5810	168
METHOD_EXIT	io.netty.util.internal.PlatformDependent#usedDirectMemory():long	b2102d1296bbed07acce	455	5348	5814	311
METHOD_EXIT	io.netty.util.internal.PlatformDependent#maxDirectMemory():long	d8cc61a963a11db0d215	455	5337	5803	106
METHOD_ENTRY	io.netty.util.internal.PlatformDependent#tmpdir():File	a57ed35b6b51fc3c4620	413	5260	5684	205
METHOD_EXIT	io.netty.util.internal.PlatformDependent#canReliabilyFreeDirectBuffers():boolean	8078ca94858eabdf2b4c	455	5347	5813	263
METHOD_EXIT	io.netty.util.internal.PlatformDependent#isUnaligned():boolean	1409dc3a29c89f79186b	455	5340	5806	322
METHOD_ENTRY	io.netty.util.internal.PlatformDependent#canReliabilyFreeDirectBuffers():boolean	adb871f86730297eafcf	413	5273	5697	268
METHOD_ENTRY	io.netty.util.internal.PlatformDependent#usedDirectMemory():long	70807b062a40009eca0c	413	5274	5698	202
METHOD_EXIT	io.netty.util.internal.PlatformDependent#tmpdir():File	2dcabfe6aba76204e890	455	5334	5800	230
METHOD_EXIT	io.netty.util.internal.PlatformDependent#bitMode():int	6528c1288e3eb0bb2634	455	5334	5800	283
METHOD_ENTRY	io.netty.util.internal.PlatformDependent#bitMode():int	e7de8734b47cc4f5e28c	413	5260	5684	211
METHOD_ENTRY	io.netty.util.internal.PlatformDependent#maxDirectMemory():long	54fd5ffdb0c295aae684	413	5263	5687	43
METHOD_ENTRY	io.netty.util.internal.PlatformDependent#freeMemory(long):void	5a516b1633e3e0c94e68	413	5268	5692	253
METHOD_EXIT	io.netty.util.internal.PlatformDependent#freeMemory(long):void	37d7d65adae10668a0b3	455	5279	5745	265
METHOD_ENTRY	io.netty.util.internal.PlatformDependent#reallocateMemory(long,long):long	9071a16b39672e55feb0	413	5286	5710	308
METHOD_EXIT	io.netty.util.internal.PlatformDependent#addressSize():int	c727bed532761a42778e	455	5334	5800	156
METHOD_EXIT	io.netty.util.internal.PlatformDependent#allocateMemory(long):long	58baa7a2ac5a0a22ab14	455	5346	5812	273
METHOD_ENTRY	io.netty.util.internal.PlatformDependent#throwException(Throwable):void	b2419b78fbfa03fc340c	413	5268	5692	255
METHOD_EXIT	io.netty.util.internal.PlatformDependent#throwException(Throwable):void	4229fc840beb4f41e870	455	5279	5745	100
METHOD_ENTRY	io.netty.util.internal.PlatformDependent#newConcurrentHashMap():ConcurrentMap<K, V>	c2348f67a41fd5ff8f9d	413	5285	5709	5
METHOD_ENTRY	io.netty.util.internal.PlatformDependent#addressSize():int	63af14c8a0a2992916fe	413	5260	5684	273
METHOD_ENTRY	io.netty.util.internal.PlatformDependent#allocateMemory(long):long	c1a464a831b6a6422031	413	5269	5693	97
METHOD_EXIT	io.netty.util.internal.PlatformDependent#newLongCounter():LongCounter	5b191ef895277401c0ad	455	5345	5811	116
METHOD_ENTRY	io.netty.util.internal.PlatformDependent#newConcurrentHashMap(int):ConcurrentMap<K, V>	609bf19385d516b2a2a4	413	5295	5719	54
METHOD_EXIT	io.netty.util.internal.PlatformDependent#newConcurrentHashMap(int):ConcurrentMap<K, V>	bd1113c17329e87e3eb3	455	5376	5842	268
METHOD_EXIT	io.netty.util.internal.PlatformDependent#reallocateMemory(long,long):long	7a5a144c935befdaa1b3	455	5363	5829	270
METHOD_ENTRY	io.netty.util.internal.PlatformDependent#newConcurrentHashMap(int,float,int):ConcurrentMap<K, V>	4feafb79ae666dfa9e3a	413	5325	5749	256
METHOD_EXIT	io.netty.util.internal.PlatformDependent#newConcurrentHashMap(int,float,int):ConcurrentMap<K, V>	3ec3b3ef4e3be5ad413f	455	5406	5872	228
METHOD_ENTRY	io.netty.util.internal.PlatformDependent#newConcurrentHashMap(int,float):ConcurrentMap<K, V>	7541621ded1213d6a281	413	5309	5733	228
METHOD_ENTRY	io.netty.util.internal.PlatformDependent#newConcurrentHashMap(Map<? extends K, ? extends V>):ConcurrentMap<K, V>	c76461597d423aa92425	413	5314	5738	241
METHOD_EXIT	io.netty.util.internal.PlatformDependent#newConcurrentHashMap():ConcurrentMap<K, V>	640b7401c8ba94fdeda0	455	5363	5829	206
METHOD_ENTRY	io.netty.util.internal.PlatformDependent#newLongCounter():LongCounter	b7d12b3fe04e5675a688	413	5270	5694	54
METHOD_ENTRY	io.netty.util.internal.PlatformDependent#allocateDirect(int):CleanableDirectBuffer	6d4aa421d62e16d2b3bc	413	5275	5699	196
METHOD_EXIT	io.netty.util.internal.PlatformDependent#allocateDirect(int):CleanableDirectBuffer	9ec03af236b6b4d78a88	455	5355	5821	242
METHOD_EXIT	io.netty.util.internal.PlatformDependent#newConcurrentHashMap(Map<? extends K, ? extends V>):ConcurrentMap<K, V>	40fe32ecf30e618af002	455	5395	5861	266
METHOD_EXIT	io.netty.util.internal.PlatformDependent#newConcurrentHashMap(int,float):ConcurrentMap<K, V>	4a597f5cdd39ffd18ec9	455	5390	5856	334
METHOD_ENTRY	io.netty.util.internal.PlatformDependent#allocateDirect(int,boolean):CleanableDirectBuffer	f4db3ed7d13dbf6bf629	413	5324	5748	252
METHOD_EXIT	io.netty.util.internal.PlatformDependent#allocateDirect(int,boolean):CleanableDirectBuffer	126f4b5e986d6b3f66d9	455	5404	5870	276
METHOD_ENTRY	io.netty.util.internal.PlatformDependent#freeDirectBuffer(ByteBuffer):void	2d6234866818f7bed41d	413	5280	5704	218
METHOD_EXIT	io.netty.util.internal.PlatformDependent#freeDirectBuffer(ByteBuffer):void	cbbcf8d1c92f5d7b7852	455	5291	5757	247
METHOD_ENTRY	io.netty.util.internal.PlatformDependent#directBuffer(long,int):ByteBuffer	adf7394f4fe122c1774e	413	5331	5755	94
METHOD_ENTRY	io.netty.util.internal.PlatformDependent#directBufferAddress(ByteBuffer):long	d783e0efc2c35be67a5d	413	5275	5699	187
METHOD_EXIT	io.netty.util.internal.PlatformDependent#directBuffer(long,int):ByteBuffer	39046de4907968c9ab9e	455	5409	5875	270
METHOD_EXIT	io.netty.util.internal.PlatformDependent#directBufferAddress(ByteBuffer):long	073d03e33c6866ca5f1c	455	5352	5818	233
METHOD_ENTRY	io.netty.util.internal.PlatformDependent#hasDirectByteBufferAddress(ByteBuffer):boolean	03b319f8e09e64deddff	413	5281	5705	254
METHOD_EXIT	io.netty.util.internal.PlatformDependent#reallocateDirect(CleanableDirectBuffer,int):CleanableDirectBuffer	d3ea3f10c6e60bbb59fd	455	5381	5847	278
METHOD_ENTRY	io.netty.util.internal.PlatformDependent#hasVarHandle():boolean	dd17128676f8c675316d	413	5262	5686	239
METHOD_ENTRY	io.netty.util.internal.PlatformDependent#useVarHandleForMultiByteAccess():boolean	cf6555a0b0c89b1f736e	413	5276	5700	245
METHOD_ENTRY	io.netty.util.internal.PlatformDependent#reallocateDirect(CleanableDirectBuffer,int):CleanableDirectBuffer	d3072c93439b32da53ab	413	5301	5725	95
METHOD_ENTRY	io.netty.util.internal.PlatformDependent#canUnalignedAccess():boolean	e52efe42c300d5cd8fb0	413	5269	5693	308
METHOD_ENTRY	io.netty.util.internal.PlatformDependent#findVarHandleOfIntField(MethodHandles.Lookup,Class<?>,String):VarHandle	121ae04f7707bc6b794f	413	5334	5758	246
METHOD_EXIT	io.netty.util.internal.PlatformDependent#hasVarHandle():boolean	7df4ccdab27179f76a0c	455	5336	5802	185
METHOD_EXIT	io.netty.util.internal.PlatformDependent#findVarHandleOfIntField(MethodHandles.Lookup,Class<?>,String):VarHandle	2aad260164e1e1ca21b9	455	5412	5878	256
METHOD_EXIT	io.netty.util.internal.PlatformDependent#hasDirectByteBufferAddress(ByteBuffer):boolean	aceb088eaa1db2251be0	455	5358	5824	267
METHOD_EXIT	io.netty.util.internal.PlatformDependent#useVarHandleForMultiByteAccess():boolean	fce69db45456b75e5843	455	5350	5816	262
METHOD_EXIT	io.netty.util.internal.PlatformDependent#canUnalignedAccess():boolean	307ebff5a78146498686	455	5343	5809	297
METHOD_EXIT	io.netty.util.internal.PlatformDependent#intBeArrayView():VarHandle	2edb6aeab5cd9732b75f	455	5359	5825	280
METHOD_ENTRY	io.netty.util.internal.PlatformDependent#intBeArrayView():VarHandle	386bc31b2ae0289902ab	413	5284	5708	285
METHOD_ENTRY	io.netty.util.internal.PlatformDependent#intLeArrayView():VarHandle	aa0b6abb3310dcd1c320	413	5284	5708	275
METHOD_EXIT	io.netty.util.internal.PlatformDependent#longBeArrayView():VarHandle	1ae335ee79b56253fc52	455	5359	5825	314
METHOD_EXIT	io.netty.util.internal.PlatformDependent#intLeArrayView():VarHandle	6ce43c884bcf5f07d950	455	5359	5825	331
METHOD_ENTRY	io.netty.util.internal.PlatformDependent#longBeArrayView():VarHandle	349c58c5cf134e4b3f59	413	5284	5708	299
METHOD_ENTRY	io.netty.util.internal.PlatformDependent#longLeArrayView():VarHandle	142b8beb3ecea7b22e74	413	5284	5708	152
METHOD_EXIT	io.netty.util.internal.PlatformDependent#longLeArrayView():VarHandle	7305b3c66d157bff9618	455	5359	5825	177
METHOD_ENTRY	io.netty.util.internal.PlatformDependent#shortBeArrayView():VarHandle	ad681d38eb32609f9bce	413	5284	5708	298
METHOD_EXIT	io.netty.util.internal.PlatformDependent#shortBeArrayView():VarHandle	8d77c4445f6e29d6de22	455	5359	5825	373
METHOD_ENTRY	io.netty.util.internal.PlatformDependent#longLeByteBufferView():VarHandle	7ef6ae6941be760b6c80	413	5287	5711	290
METHOD_ENTRY	io.netty.util.internal.PlatformDependent#longBeByteBufferView():VarHandle	0a9f2302e3a6930229c1	413	5287	5711	55
METHOD_EXIT	io.netty.util.internal.PlatformDependent#longBeByteBufferView():VarHandle	1652c85a3c8d9442fff2	455	5362	5828	246
METHOD_EXIT	io.netty.util.internal.PlatformDependent#shortLeArrayView():VarHandle	be969eccf644e0035d3a	455	5359	5825	267
METHOD_ENTRY	io.netty.util.internal.PlatformDependent#shortLeArrayView():VarHandle	91b2396558f0afb6a25c	413	5284	5708	357
METHOD_ENTRY	io.netty.util.internal.PlatformDependent#intBeByteBufferView():VarHandle	337285ad7140a00bc144	413	5287	5711	268
METHOD_EXIT	io.netty.util.internal.PlatformDependent#longLeByteBufferView():VarHandle	3e62022214923bda57d2	455	5362	5828	327
METHOD_ENTRY	io.netty.util.internal.PlatformDependent#intLeByteBufferView():VarHandle	191c43e289b07eede468	413	5287	5711	235
METHOD_EXIT	io.netty.util.internal.PlatformDependent#intLeByteBufferView():VarHandle	6d3994089c1977187dfd	455	5362	5828	140
METHOD_ENTRY	io.netty.util.internal.PlatformDependent#shortBeByteBufferView():VarHandle	4d8da6188324c8687ee5	413	5287	5711	316
METHOD_EXIT	io.netty.util.internal.PlatformDependent#intBeByteBufferView():VarHandle	d89a6ed326afdfed55eb	455	5362	5828	271
METHOD_EXIT	io.netty.util.internal.PlatformDependent#shortBeByteBufferView():VarHandle	547db3fab383e4125a84	455	5362	5828	219
METHOD_ENTRY	io.netty.util.internal.PlatformDependent#shortLeByteBufferView():VarHandle	9ba366e2d83f645e3126	413	5287	5711	187
METHOD_ENTRY	io.netty.util.internal.PlatformDependent#getObject(Object,long):Object	d4a69d888a7d848ecf25	413	5282	5706	248
METHOD_EXIT	io.netty.util.internal.PlatformDependent#shortLeByteBufferView():VarHandle	7bac1714d05557e9b97d	455	5362	5828	315
METHOD_EXIT	io.netty.util.internal.PlatformDependent#getObject(Object,long):Object	76c72a2a0a2831fdeacd	455	5359	5825	278
METHOD_ENTRY	io.netty.util.internal.PlatformDependent#getVolatileInt(Object,long):int	5b6930de6fb15e61c0f6	413	5288	5712	174
METHOD_EXIT	io.netty.util.internal.PlatformDependent#getVolatileInt(Object,long):int	5e483cfbd85077ca30f6	455	5365	5831	289
METHOD_ENTRY	io.netty.util.internal.PlatformDependent#getInt(Object,long):int	143cde2e5ae1bec80b22	413	5282	5706	186
METHOD_ENTRY	io.netty.util.internal.PlatformDependent#putOrderedInt(Object,long,int):void	8547ecb8034c958981a3	413	5296	5720	204
METHOD_ENTRY	io.netty.util.internal.PlatformDependent#getAndAddInt(Object,long,int):int	06cd89ccf1396227987f	413	5299	5723	250
METHOD_EXIT	io.netty.util.internal.PlatformDependent#getInt(Object,long):int	8e783c500d2d51a80a42	455	5359	5825	198
METHOD_ENTRY	io.netty.util.internal.PlatformDependent#compareAndSwapInt(Object,long,int,int):boolean	7fda8f534070c5da939d	413	5311	5735	193
METHOD_EXIT	io.netty.util.internal.PlatformDependent#compareAndSwapInt(Object,long,int,int):boolean	255cb5258d1549431622	455	5388	5854	330
METHOD_EXIT	io.netty.util.internal.PlatformDependent#getAndAddInt(Object,long,int):int	b13eb5c626b3423fce09	455	5376	5842	337
METHOD_EXIT	io.netty.util.internal.PlatformDependent#putOrderedInt(Object,long,int):void	827513d40a4f5eed091a	455	5307	5773	269
METHOD_EXIT	io.netty.util.internal.PlatformDependent#safeConstructPutInt(Object,long,int):void	16a1a33c9cdaaffb1b0f	455	5309	5775	298
METHOD_ENTRY	io.netty.util.internal.PlatformDependent#safeConstructPutInt(Object,long,int):void	e803ab299ed10b675fe3	413	5298	5722	300
METHOD_ENTRY	io.netty.util.internal.PlatformDependent#getByte(long):byte	6d40a958242bfd6a988d	413	5268	5692	252
METHOD_EXIT	io.netty.util.internal.PlatformDependent#getByte(long):byte	ea3a2d97297ae39caa5f	455	5345	5811	171
METHOD_ENTRY	io.netty.util.internal.PlatformDependent#getInt(long):int	07f7aeb6f94f31ae4fd7	413	5268	5692	312
METHOD_ENTRY	io.netty.util.internal.PlatformDependent#getShort(long):short	d433ca23be1d4e031597	413	5268	5692	251
METHOD_ENTRY	io.netty.util.internal.PlatformDependent#getLong(long):long	a3cbbd81eb707250fcf1	413	5268	5692	278
METHOD_ENTRY	io.netty.util.internal.PlatformDependent#getByte(byte[],int):byte	fcdea2a813555f75f200	413	5289	5713	205
METHOD_EXIT	io.netty.util.internal.PlatformDependent#getByte(byte[],int):byte	7ac5d2cce674921781c4	455	5366	5832	288
METHOD_ENTRY	io.netty.util.internal.PlatformDependent#getByte(byte[],long):byte	f74184ff4f2214e0dd26	413	5292	5716	304
METHOD_EXIT	io.netty.util.internal.PlatformDependent#getByte(byte[],long):byte	a8cfc66afe29cd66cc2c	455	5369	5835	302
METHOD_EXIT	io.netty.util.internal.PlatformDependent#getShort(long):short	5289cb6b378777a3599a	455	5345	5811	184
METHOD_EXIT	io.netty.util.internal.PlatformDependent#getLong(long):long	a5771d97cf4c8b643ce6	455	5345	5811	153
METHOD_EXIT	io.netty.util.internal.PlatformDependent#getInt(long):int	13dc63055eb89c319043	455	5345	5811	149
METHOD_ENTRY	io.netty.util.internal.PlatformDependent#getShort(byte[],int):short	c6e3b784a0b102210212	413	5289	5713	292
METHOD_EXIT	io.netty.util.internal.PlatformDependent#getShort(byte[],int):short	ae16cddf705cd486d8db	455	5366	5832	295
METHOD_ENTRY	io.netty.util.internal.PlatformDependent#getInt(byte[],int):int	bbd8d86310d8a6e9844d	413	5289	5713	257
METHOD_EXIT	io.netty.util.internal.PlatformDependent#getInt(byte[],int):int	4975e074cc7f98b5b104	455	5366	5832	325
METHOD_ENTRY	io.netty.util.internal.PlatformDependent#getInt(int[],long):int	8ebdf0490ec340e1c82b	413	5292	5716	229
METHOD_ENTRY	io.netty.util.internal.PlatformDependent#toIntExact(long):int	b01b678ae2392d805619	413	5270	5694	248
METHOD_ENTRY	io.netty.util.internal.PlatformDependent#getLong(long[],long):long	6a6767d7c8b3375f7d97	413	5292	5716	201
METHOD_EXIT	io.netty.util.internal.PlatformDependent#toIntExact(long):int	6031eaa789b725692392	455	5347	5813	265
METHOD_ENTRY	io.netty.util.internal.PlatformDependent#getLong(byte[],int):long	1136cc9e1fbeab614d65	413	5289	5713	271
METHOD_EXIT	io.netty.util.internal.PlatformDependent#getLong(byte[],int):long	d3e2db41f432270544bd	455	5366	5832	280
METHOD_EXIT	io.netty.util.internal.PlatformDependent#getLong(long[],long):long	55855830a0bbf85a55c8	455	5369	5835	262
METHOD_ENTRY	io.netty.util.internal.PlatformDependent#getLongSafe(byte[],int):long	10697a48f6b30f33720e	413	5566	5990	241
METHOD_EXIT	io.netty.util.internal.PlatformDependent#getInt(int[],long):int	33f00a53b63245b3b59e	455	5369	5835	311
METHOD_EXIT	io.netty.util.internal.PlatformDependent#getLongSafe(byte[],int):long	f204c668f0de6b10fcf1	455	5643	6109	342
METHOD_ENTRY	io.netty.util.internal.PlatformDependent#getIntSafe(byte[],int):int	f7dbe6e614bfddfca99c	413	5393	5817	300
METHOD_EXIT	io.netty.util.internal.PlatformDependent#getIntSafe(byte[],int):int	64e2287c55cbea421d64	455	5470	5936	452
METHOD_ENTRY	io.netty.util.internal.PlatformDependent#hashCodeAsciiCompute(CharSequence,int,int):int	6d966a61c79bf270a042	413	5400	5824	232
METHOD_EXIT	io.netty.util.internal.PlatformDependent#getShortSafe(byte[],int):short	c8c7da746dd87ee70187	455	5410	5876	344
METHOD_EXIT	io.netty.util.internal.PlatformDependent#hashCodeAsciiCompute(CharSequence,int,int):int	aedb1b2d671a5349a1e6	455	5477	5943	338
METHOD_ENTRY	io.netty.util.internal.PlatformDependent#getShortSafe(byte[],int):short	d47b29d1361410955606	413	5333	5757	194
METHOD_EXIT	io.netty.util.internal.PlatformDependent#hashCodeAsciiSanitizeInt(CharSequence,int):int	3741d1d7b223f81daa94	455	5539	6005	464
METHOD_ENTRY	io.netty.util.internal.PlatformDependent#hashCodeAsciiSanitizeShort(CharSequence,int):int	dca4952830ced7bccdc5	413	5378	5802	237
METHOD_ENTRY	io.netty.util.internal.PlatformDependent#hashCodeAsciiSanitizeByte(char):int	87a70044d3768272de11	413	5278	5702	194
METHOD_EXIT	io.netty.util.internal.PlatformDependent#hashCodeAsciiSanitizeShort(CharSequence,int):int	92a66653c72f86f39ced	455	5455	5921	234
METHOD_EXIT	io.netty.util.internal.PlatformDependent#hashCodeAsciiSanitizeByte(char):int	4e178f135fd925282809	455	5355	5821	280
METHOD_ENTRY	io.netty.util.internal.PlatformDependent#putByte(long,byte):void	c71be7d0c646fc105aae	413	5280	5704	258
METHOD_ENTRY	io.netty.util.internal.PlatformDependent#hashCodeAsciiSanitizeInt(CharSequence,int):int	c8b2bf410665605851a3	413	5462	5886	167
METHOD_ENTRY	io.netty.util.internal.PlatformDependent#putShort(long,short):void	70d02cf0afb8b70c9eac	413	5280	5704	271
METHOD_ENTRY	io.netty.util.internal.PlatformDependent#putInt(long,int):void	4520a1f0ff1ffdeaa3b3	413	5279	5703	224
METHOD_EXIT	io.netty.util.internal.PlatformDependent#putShort(long,short):void	3b2fc0efc9125b56e0bf	455	5291	5757	309
METHOD_EXIT	io.netty.util.internal.PlatformDependent#putByte(long,byte):void	374f21c96fc1f49f02b9	455	5291	5757	276
METHOD_EXIT	io.netty.util.internal.PlatformDependent#putLong(long,long):void	84a93eb7d1613f4c09a0	455	5290	5756	284
METHOD_ENTRY	io.netty.util.internal.PlatformDependent#putLong(long,long):void	1107701f163317c2816e	413	5279	5703	239
METHOD_EXIT	io.netty.util.internal.PlatformDependent#putByte(byte[],int,byte):void	976fca1f48b79ee1d519	455	5304	5770	261
METHOD_ENTRY	io.netty.util.internal.PlatformDependent#putByte(Object,long,byte):void	38bce0d857e6dea194b5	413	5291	5715	251
METHOD_EXIT	io.netty.util.internal.PlatformDependent#putInt(long,int):void	72717f80b289635099a9	455	5290	5756	277
METHOD_EXIT	io.netty.util.internal.PlatformDependent#putByte(Object,long,byte):void	689090e5dd4ea6edd4bc	455	5302	5768	217
METHOD_EXIT	io.netty.util.internal.PlatformDependent#putShort(byte[],int,short):void	d2d1cf82fdca746811c8	455	5304	5770	309
METHOD_ENTRY	io.netty.util.internal.PlatformDependent#putShort(byte[],int,short):void	68de6bc381ecb3b527dc	413	5293	5717	154
METHOD_ENTRY	io.netty.util.internal.PlatformDependent#putByte(byte[],int,byte):void	63a380a5cc86517f49a0	413	5293	5717	237
METHOD_ENTRY	io.netty.util.internal.PlatformDependent#putInt(byte[],int,int):void	1a19793535a16cd6f18b	413	5292	5716	281
METHOD_ENTRY	io.netty.util.internal.PlatformDependent#putLong(byte[],int,long):void	6d92cf37dd7377a8abbf	413	5292	5716	209
METHOD_EXIT	io.netty.util.internal.PlatformDependent#putInt(byte[],int,int):void	fa2b01063eb85021f47f	455	5303	5769	258
METHOD_ENTRY	io.netty.util.internal.PlatformDependent#putObject(Object,long,Object):void	01a2982ded2ac9d906f7	413	5290	5714	245
METHOD_EXIT	io.netty.util.internal.PlatformDependent#putObject(Object,long,Object):void	94ea3a3934142b583f26	455	5301	5767	325
METHOD_ENTRY	io.netty.util.internal.PlatformDependent#copyMemory(long,long,long):void	c7bff6b9a3517779d799	413	5296	5720	221
METHOD_ENTRY	io.netty.util.internal.PlatformDependent#objectFieldOffset(Field):long	1ae30ea9c309ed74562a	413	5272	5696	235
METHOD_ENTRY	io.netty.util.internal.PlatformDependent#copyMemory(byte[],int,long,long):void	e15e4fb6fe7f882d968a	413	5316	5740	256
METHOD_EXIT	io.netty.util.internal.PlatformDependent#copyMemory(long,long,long):void	fae8cadfb73d47b1636e	455	5307	5773	209
METHOD_EXIT	io.netty.util.internal.PlatformDependent#putLong(byte[],int,long):void	4f9134b722fd715fea0a	455	5303	5769	253
METHOD_EXIT	io.netty.util.internal.PlatformDependent#copyMemory(byte[],int,long,long):void	107adac7bc7b6797f1be	455	5327	5793	269
METHOD_EXIT	io.netty.util.internal.PlatformDependent#objectFieldOffset(Field):long	7b2e3cfa3e223c876bce	455	5349	5815	241
METHOD_ENTRY	io.netty.util.internal.PlatformDependent#copyMemory(byte[],int,byte[],int,long):void	0b508c00f652f7b00f05	413	5334	5758	165
METHOD_EXIT	io.netty.util.internal.PlatformDependent#copyMemory(byte[],int,byte[],int,long):void	7b9591e2d40b44b1a1eb	455	5345	5811	250
METHOD_EXIT	io.netty.util.internal.PlatformDependent#copyMemory(long,byte[],int,long):void	a7c6138f9b3d11e31cd4	455	5328	5794	225
METHOD_ENTRY	io.netty.util.internal.PlatformDependent#setMemory(byte[],int,long,byte):void	ce957cb608d393a6210e	413	5311	5735	256
METHOD_ENTRY	io.netty.util.internal.PlatformDependent#setMemory(long,long,byte):void	8580f8f5979492b245dd	413	5290	5714	218
METHOD_EXIT	io.netty.util.internal.PlatformDependent#setMemory(long,long,byte):void	99cb661bf34b66a2c75a	455	5301	5767	245
METHOD_ENTRY	io.netty.util.internal.PlatformDependent#copyMemory(long,byte[],int,long):void	ca77b1621090ded140b2	413	5317	5741	211
METHOD_ENTRY	io.netty.util.internal.PlatformDependent#hasAlignDirectByteBuffer():boolean	aa0cc2269bd30dde4f39	413	5275	5699	282
METHOD_EXIT	io.netty.util.internal.PlatformDependent#setMemory(byte[],int,long,byte):void	8a52b6254ca910da186e	455	5322	5788	258
METHOD_ENTRY	io.netty.util.internal.PlatformDependent#alignDirectBuffer(ByteBuffer,int):ByteBuffer	0333e5034e0de9d2044f	413	5413	5837	195
METHOD_EXIT	io.netty.util.internal.PlatformDependent#hasAlignDirectByteBuffer():boolean	36440bcec5d278bb4d42	455	5349	5815	272
METHOD_EXIT	io.netty.util.internal.PlatformDependent#alignDirectBuffer(ByteBuffer,int):ByteBuffer	44aa78ae4c16d4c70673	455	5491	5957	320
METHOD_EXIT	io.netty.util.internal.PlatformDependent#offsetSlice(ByteBuffer,int,int):ByteBuffer	b0b812f6276e32415330	455	5414	5880	236
METHOD_ENTRY	io.netty.util.internal.PlatformDependent#align(long,int):long	3979dabaca0c1d86b0bb	413	5276	5700	201
METHOD_EXIT	io.netty.util.internal.PlatformDependent#align(long,int):long	98a038f78f5a48291f9d	455	5353	5819	277
METHOD_EXIT	io.netty.util.internal.PlatformDependent#absolutePut(ByteBuffer,int,byte[],int,int):ByteBuffer	142283ff86a1485ad4d1	455	5466	5932	309
METHOD_ENTRY	io.netty.util.internal.PlatformDependent#absolutePut(ByteBuffer,int,ByteBuffer,int,int):ByteBuffer	0b67188fe00afc902850	413	5406	5830	191
METHOD_ENTRY	io.netty.util.internal.PlatformDependent#incrementMemoryCounter(int):void	038e717b9ce74c305387	413	5362	5786	255
METHOD_ENTRY	io.netty.util.internal.PlatformDependent#decrementMemoryCounter(int):void	23e83990acaf469f28fe	413	5296	5720	299
METHOD_EXIT	io.netty.util.internal.PlatformDependent#absolutePut(ByteBuffer,int,ByteBuffer,int,int):ByteBuffer	afe36d4c56ca3f1dee8b	455	5484	5950	338
METHOD_EXIT	io.netty.util.internal.PlatformDependent#decrementMemoryCounter(int):void	6a10c76e0d6ddae58e48	455	5307	5773	175
METHOD_ENTRY	io.netty.util.internal.PlatformDependent#useDirectBufferNoCleaner():boolean	a3614cc7318aadac754c	413	5269	5693	236
METHOD_EXIT	io.netty.util.internal.PlatformDependent#useDirectBufferNoCleaner():boolean	4cee39fe49c0af9c2c92	455	5343	5809	258
METHOD_ENTRY	io.netty.util.internal.PlatformDependent#offsetSlice(ByteBuffer,int,int):ByteBuffer	603181e28c16cb64297c	413	5336	5760	199
METHOD_EXIT	io.netty.util.internal.PlatformDependent#incrementMemoryCounter(int):void	f7ef1c0235bcc61712bc	455	5373	5839	268
METHOD_EXIT	io.netty.util.internal.PlatformDependent#equals(byte[],int,byte[],int,int):boolean	bde3539179633a9e8046	455	5492	5958	399
METHOD_ENTRY	io.netty.util.internal.PlatformDependent#isZero(byte[],int,int):boolean	523652053c3a23652f63	413	5320	5744	274
METHOD_ENTRY	io.netty.util.internal.PlatformDependent#absolutePut(ByteBuffer,int,byte[],int,int):ByteBuffer	b20ecbda63cf02eef660	413	5388	5812	333
METHOD_EXIT	io.netty.util.internal.PlatformDependent#isZero(byte[],int,int):boolean	4b5ec577019f20ed8698	455	5397	5863	296
METHOD_ENTRY	io.netty.util.internal.PlatformDependent#equalsConstantTime(byte[],int,byte[],int,int):int	c1183f6e077dcf026142	413	5375	5799	209
METHOD_ENTRY	io.netty.util.internal.PlatformDependent#equals(byte[],int,byte[],int,int):boolean	779f29b5afcc7a8a10d8	413	5415	5839	230
METHOD_ENTRY	io.netty.util.internal.PlatformDependent#hashCodeAscii(CharSequence):int	9bc51b818c42e2e6f8ec	413	5726	6150	310
METHOD_EXIT	io.netty.util.internal.PlatformDependent#hashCodeAscii(byte[],int,int):int	131e8ea721016ff91350	455	5406	5872	282
METHOD_ENTRY	io.netty.util.internal.PlatformDependent#run():Object	3eed68e7df342cce273f	413	5241	5665	266
METHOD_EXIT	io.netty.util.internal.PlatformDependent#run():Object	6b0e99f045801d473a2c	455	5252	5718	234
METHOD_ENTRY	io.netty.util.internal.PlatformDependent#hashCodeAscii(byte[],int,int):int	c587b146bd812c255039	413	5329	5753	272
METHOD_EXIT	io.netty.util.internal.PlatformDependent#newMpscQueue(int):Queue<T>	92da9bbceb5c75fdb241	455	5363	5829	211
METHOD_ENTRY	io.netty.util.internal.PlatformDependent#newChunkedMpscQueue(int,int):Queue<T>	cfcee6d3ddec1ab738d5	413	5329	5753	249
METHOD_EXIT	io.netty.util.internal.PlatformDependent#newChunkedMpscQueue(int,int):Queue<T>	49186ef1e22927c172ad	455	5407	5873	252
METHOD_ENTRY	io.netty.util.internal.PlatformDependent#newMpscQueue(int):Queue<T>	1344c8abe368a6488e0f	413	5285	5709	290
METHOD_ENTRY	io.netty.util.internal.PlatformDependent#newMpscQueue():Queue<T>	509fc580777700cc4afe	413	5275	5699	267
METHOD_EXIT	io.netty.util.internal.PlatformDependent#equalsConstantTime(byte[],int,byte[],int,int):int	ef919757e3156a42fa3d	455	5452	5918	303
METHOD_ENTRY	io.netty.util.internal.PlatformDependent#newMpscQueue():Queue<T>	509fc580777700cc4afe	413	5275	5699	267
METHOD_EXIT	io.netty.util.internal.PlatformDependent#hashCodeAscii(CharSequence):int	556c9937b78f17c84b66	455	5803	6269	292
METHOD_EXIT	io.netty.util.internal.PlatformDependent#newMpscQueue():Queue<T>	5451cb09593f917b31af	455	5350	5816	212
METHOD_ENTRY	io.netty.util.internal.PlatformDependent#newMpscQueue(int):Queue<T>	1344c8abe368a6488e0f	413	5285	5709	290
METHOD_EXIT	io.netty.util.internal.PlatformDependent#newMpscQueue():Queue<T>	5451cb09593f917b31af	455	5350	5816	212
METHOD_ENTRY	io.netty.util.internal.PlatformDependent#newMpscQueue(int,int):Queue<T>	aefb8f9d658c6cdd3540	413	5302	5726	287
METHOD_ENTRY	io.netty.util.internal.PlatformDependent#newSpscQueue():Queue<T>	62ba752ab68d3d2ddd3f	413	5288	5712	220
METHOD_ENTRY	io.netty.util.internal.PlatformDependent#newFixedMpscQueue(int):Queue<T>	9703ea3b2486d8365c5e	413	5299	5723	284
METHOD_EXIT	io.netty.util.internal.PlatformDependent#newMpscQueue(int):Queue<T>	92da9bbceb5c75fdb241	455	5363	5829	211
METHOD_EXIT	io.netty.util.internal.PlatformDependent#newMpscQueue(int,int):Queue<T>	d9909a11058046349a0d	455	5380	5846	278
METHOD_ENTRY	io.netty.util.internal.PlatformDependent#newFixedMpscUnpaddedQueue(int):Queue<T>	569e102e8c643d9d77af	413	5311	5735	300
METHOD_EXIT	io.netty.util.internal.PlatformDependent#newFixedMpscQueue(int):Queue<T>	e7a04ae9a5f13d124a50	455	5377	5843	298
METHOD_EXIT	io.netty.util.internal.PlatformDependent#newFixedMpscUnpaddedQueue(int):Queue<T>	51106e775fefc6cd11e1	455	5389	5855	215
METHOD_EXIT	io.netty.util.internal.PlatformDependent#newSpscQueue():Queue<T>	92077f85023655cae8f0	455	5363	5829	301
METHOD_ENTRY	io.netty.util.internal.PlatformDependent#newFixedMpmcQueue(int):Queue<T>	e3eb6c5efcfb715c17d4	413	5303	5727	231
METHOD_EXIT	io.netty.util.internal.PlatformDependent#newFixedMpmcQueue(int):Queue<T>	752a17072c7f1f4c7b1a	455	5381	5847	288
METHOD_ENTRY	io.netty.util.internal.PlatformDependent#getClassLoader(Class<?>):ClassLoader	ef7a143d026a3d5d23ab	413	5277	5701	251
METHOD_EXIT	io.netty.util.internal.PlatformDependent#getClassLoader(Class<?>):ClassLoader	3c609b74137be6874305	455	5355	5821	214
METHOD_ENTRY	io.netty.util.internal.PlatformDependent#getContextClassLoader():ClassLoader	5ae83a82c587fb61eb95	413	5270	5694	333
METHOD_EXIT	io.netty.util.internal.PlatformDependent#getContextClassLoader():ClassLoader	b98c1dcbe5a42b069f49	455	5345	5811	318
METHOD_ENTRY	io.netty.util.internal.PlatformDependent#getSystemClassLoader():ClassLoader	93460d16f0f027b7019b	413	5270	5694	278
METHOD_ENTRY	io.netty.util.internal.PlatformDependent#newConcurrentDeque():Deque<C>	7fc2576f9c9a25377996	413	5273	5697	70
METHOD_EXIT	io.netty.util.internal.PlatformDependent#getSystemClassLoader():ClassLoader	f99c4803f695af33e5d0	455	5345	5811	311
METHOD_EXIT	io.netty.util.internal.PlatformDependent#newConcurrentDeque():Deque<C>	f881bb2b349eefca6b10	455	5349	5815	151
METHOD_ENTRY	io.netty.util.internal.PlatformDependent#threadLocalRandom():Random	1be911ae564234196558	413	5268	5692	160
METHOD_EXIT	io.netty.util.internal.PlatformDependent#threadLocalRandom():Random	6035c4205b0adf17a624	455	5342	5808	328
METHOD_EXIT	io.netty.util.internal.PlatformDependent#splittableRandomNextBytes(SplittableRandom,byte[]):void	1d1df1bad0e5c5043476	455	5465	5931	267
METHOD_ENTRY	io.netty.util.internal.PlatformDependent#splittableRandomNextBytes(SplittableRandom,byte[]):void	3d235c3dfaa9d3bf4f59	413	5454	5878	305
METHOD_EXIT	io.netty.util.internal.PlatformDependent#isWindows0():boolean	da2460fe78d241ccaf8a	455	5364	5830	341
METHOD_ENTRY	io.netty.util.internal.PlatformDependent#isWindows0():boolean	b9ecf09814ecf522fe36	413	5290	5714	345
METHOD_ENTRY	io.netty.util.internal.PlatformDependent#isOsx0():boolean	11be528972fee73753f6	413	5297	5721	128
METHOD_EXIT	io.netty.util.internal.PlatformDependent#isOsx0():boolean	f34320fd348528a3b2d3	455	5371	5837	262
METHOD_ENTRY	io.netty.util.internal.PlatformDependent#maybeSuperUser0():boolean	21f43409c176512e0748	413	5329	5753	260
METHOD_EXIT	io.netty.util.internal.PlatformDependent#maybeSuperUser0():boolean	fa6d17f0066a22d4711b	455	5403	5869	352
METHOD_ENTRY	io.netty.util.internal.PlatformDependent#unsafeUnavailabilityCause0():Throwable	aa364523a0cfc4292762	413	5461	5885	255
METHOD_ENTRY	io.netty.util.internal.PlatformDependent#isJ9Jvm():boolean	55f25e53e66be609d04f	413	5267	5691	306
METHOD_EXIT	io.netty.util.internal.PlatformDependent#unsafeUnavailabilityCause0():Throwable	4dfa945a3b8507ec4adb	455	5535	6001	314
METHOD_EXIT	io.netty.util.internal.PlatformDependent#isJ9Jvm0():boolean	5996993ea7b6bfdf1e59	455	5378	5844	272
METHOD_ENTRY	io.netty.util.internal.PlatformDependent#isJ9Jvm0():boolean	c74b797204eaa6b5bf0b	413	5304	5728	123
METHOD_ENTRY	io.netty.util.internal.PlatformDependent#isIkvmDotNet():boolean	7c1f84b98b743e417b60	413	5271	5695	147
METHOD_EXIT	io.netty.util.internal.PlatformDependent#isIkvmDotNet():boolean	0bb5b00720793b2a923e	455	5345	5811	98
METHOD_ENTRY	io.netty.util.internal.PlatformDependent#isIkvmDotNet0():boolean	c304e11fcd46ec071546	413	5294	5718	335
METHOD_EXIT	io.netty.util.internal.PlatformDependent#isIkvmDotNet0():boolean	7541dc137ee36074b976	455	5368	5834	300
METHOD_EXIT	io.netty.util.internal.PlatformDependent#isJ9Jvm():boolean	533a3e85441e265b6c1f	455	5341	5807	180
METHOD_EXIT	io.netty.util.internal.PlatformDependent#getMaxDirectMemorySizeArgPattern():Pattern	cbd188eda0d385ff2639	455	5426	5892	245
METHOD_EXIT	io.netty.util.internal.PlatformDependent#estimateMaxDirectMemory():long	d2dbb2a003dabda68325	455	5820	6286	352
METHOD_ENTRY	io.netty.util.internal.PlatformDependent#estimateMaxDirectMemory():long	303790cc9b7b32e00661	413	5746	6170	298
METHOD_ENTRY	io.netty.util.internal.PlatformDependent#tmpdir0():File	1aa7c161b8566f1a2ca6	413	5665	6089	384
METHOD_EXIT	io.netty.util.internal.PlatformDependent#tmpdir0():File	9fb01c6c88ed61ae542d	455	5739	6205	252
METHOD_ENTRY	io.netty.util.internal.PlatformDependent#toDirectory(String):File	1858a14d670338a48ae3	413	5334	5758	309
METHOD_ENTRY	io.netty.util.internal.PlatformDependent#getMaxDirectMemorySizeArgPattern():Pattern	04dd5fa619aa0397ef56	413	5352	5776	176
METHOD_ENTRY	io.netty.util.internal.PlatformDependent#bitMode0():int	83927bc8b01e84fcb619	413	5686	6110	288
METHOD_EXIT	io.netty.util.internal.PlatformDependent#bitMode0():int	ec6d42f835c5b5722a40	455	5760	6226	320
METHOD_EXIT	io.netty.util.internal.PlatformDependent#addressSize0():int	b06751c6dd1d229258b0	455	5353	5819	344
METHOD_ENTRY	io.netty.util.internal.PlatformDependent#byteArrayBaseOffset0():long	38ab3d12414371082467	413	5285	5709	148
METHOD_ENTRY	io.netty.util.internal.PlatformDependent#addressSize0():int	4aec323bafcef93b68e3	413	5279	5703	243
METHOD_EXIT	io.netty.util.internal.PlatformDependent#toDirectory(String):File	c253397cc25404dd86bd	455	5411	5877	355
METHOD_EXIT	io.netty.util.internal.PlatformDependent#byteArrayBaseOffset0():long	dcd241869d5d4e3032dd	455	5359	5825	342
METHOD_ENTRY	io.netty.util.internal.PlatformDependent#isZeroSafe(byte[],int,int):boolean	d71069a417d21359c020	413	5331	5755	226
METHOD_EXIT	io.netty.util.internal.PlatformDependent#equalsSafe(byte[],int,byte[],int,int):boolean	1176534437e2f74b9eb0	455	5450	5916	357
METHOD_EXIT	io.netty.util.internal.PlatformDependent#isZeroSafe(byte[],int,int):boolean	5ebe4726436e417320e5	455	5408	5874	331
METHOD_EXIT	io.netty.util.internal.PlatformDependent#normalizedArch():String	20932848313d99d1eb61	455	5335	5801	282
METHOD_ENTRY	io.netty.util.internal.PlatformDependent#equalsSafe(byte[],int,byte[],int,int):boolean	23da5e433942d693a347	413	5373	5797	336
METHOD_ENTRY	io.netty.util.internal.PlatformDependent#hashCodeAsciiSafe(byte[],int,int):int	f68aa033a2a92ed0e121	413	5671	6095	285
METHOD_ENTRY	io.netty.util.internal.PlatformDependent#normalizedOs():String	4089b74da4b5a50542e1	413	5261	5685	304
METHOD_EXIT	io.netty.util.internal.PlatformDependent#hashCodeAsciiSafe(byte[],int,int):int	76c1bcc08fb75616061f	455	5748	6214	300
METHOD_EXIT	io.netty.util.internal.PlatformDependent#normalizedOs():String	253e8be1e193bff93a9a	455	5335	5801	266
METHOD_ENTRY	io.netty.util.internal.PlatformDependent#normalizedArch():String	8ec5d59301977a9143c5	413	5261	5685	208
METHOD_ENTRY	io.netty.util.internal.PlatformDependent#normalizedLinuxClassifiers():Set<String>	662b6343d8ace2e564c1	413	5272	5696	294
METHOD_EXIT	io.netty.util.internal.PlatformDependent#normalizedLinuxClassifiers():Set<String>	5cf618bc21d2466bd38e	455	5347	5813	257
METHOD_EXIT	io.netty.util.internal.PlatformDependent#createTempFile(String,String,File):File	e81b2232e46c5bcc1a2a	455	5399	5865	337
METHOD_ENTRY	io.netty.util.internal.PlatformDependent#addClassifier(Set<String>,String):void	1e2a0755df4465dc11d2	413	5308	5732	263
METHOD_ENTRY	io.netty.util.internal.PlatformDependent#isAllowedClassifier(String):boolean	c011442172beed5fbaae	413	5298	5722	270
METHOD_ENTRY	io.netty.util.internal.PlatformDependent#normalizeOsReleaseVariableValue(String):String	3698917e538e272457e4	413	5338	5762	258
METHOD_EXIT	io.netty.util.internal.PlatformDependent#addClassifier(Set<String>,String):void	4586166ae655154601e6	455	5319	5785	294
METHOD_ENTRY	io.netty.util.internal.PlatformDependent#createTempFile(String,String,File):File	652e652b41a926633039	413	5322	5746	225
METHOD_EXIT	io.netty.util.internal.PlatformDependent#normalizeOsReleaseVariableValue(String):String	76786f0c49c0a8dcf056	455	5415	5881	321
METHOD_ENTRY	io.netty.util.internal.PlatformDependent#normalize(String):String	2c732e25ace3bcea5f22	413	5342	5766	310
METHOD_EXIT	io.netty.util.internal.PlatformDependent#normalize(String):String	5a690471ab7073042819	455	5419	5885	405
METHOD_EXIT	io.netty.util.internal.PlatformDependent#isAllowedClassifier(String):boolean	c2993ea9f6f509441bb6	455	5375	5841	281
METHOD_ENTRY	io.netty.util.internal.PlatformDependent#normalizeArch(String):String	aaada4bc828c2f45a232	413	5591	6015	224
METHOD_EXIT	io.netty.util.internal.PlatformDependent#normalizeArch(String):String	dd10cd8122d0b3d59e83	455	5668	6134	749
METHOD_ENTRY	io.netty.util.internal.Mpsc#run():Object	db23659ba2f01810eba9	413	365	789	5
METHOD_ENTRY	io.netty.util.internal.PlatformDependent#normalizeOs(String):String	6f81d919836280fc4bce	413	5516	5940	175
METHOD_ENTRY	io.netty.util.internal.PlatformDependent#isJfrEnabled():boolean	083c3f2a8e529897a3e8	413	5264	5688	64
METHOD_EXIT	io.netty.util.internal.PlatformDependent#isJfrEnabled():boolean	bc05dab2fd79bdcd2613	455	5338	5804	141
METHOD_ENTRY	io.netty.util.internal.Mpsc#newMpscQueue(int):Queue<T>	94ff0fa28b96fa3f9d52	413	406	830	96
METHOD_EXIT	io.netty.util.internal.Mpsc#newMpscQueue(int):Queue<T>	e733f57f35187b1ef3bb	455	484	950	247
METHOD_ENTRY	io.netty.util.internal.AtomicReferenceCountUpdater#safeInitializeRawRefCnt(T,int):void	1dbbe1ccb9fb8f4ce40c	413	528	952	102
METHOD_EXIT	io.netty.util.internal.AtomicReferenceCountUpdater#safeInitializeRawRefCnt(T,int):void	c68f6e24aa312a0ae229	455	539	1005	237
METHOD_EXIT	io.netty.util.internal.AtomicReferenceCountUpdater#getAndAddRawRefCnt(T,int):int	f99f0935fb27f41e687c	455	609	1075	225
METHOD_ENTRY	io.netty.util.internal.AtomicReferenceCountUpdater#getAndAddRawRefCnt(T,int):int	9b990d1c482e99ccda34	413	532	956	255
METHOD_ENTRY	io.netty.util.internal.AtomicReferenceCountUpdater#getRawRefCnt(T):int	7110fcd600f738fba30d	413	512	936	55
METHOD_EXIT	io.netty.util.internal.AtomicReferenceCountUpdater#getRawRefCnt(T):int	8dba47cda54f44df5020	455	589	1055	101
METHOD_ENTRY	io.netty.util.internal.AtomicReferenceCountUpdater#getAcquireRawRefCnt(T):int	eb60895f9d3a12695b23	413	514	938	219
METHOD_EXIT	io.netty.util.internal.AtomicReferenceCountUpdater#getAcquireRawRefCnt(T):int	6fd289f1a70a614cbea4	455	591	1057	199
METHOD_ENTRY	io.netty.util.internal.AtomicReferenceCountUpdater#setReleaseRawRefCnt(T,int):void	a48d3c0a4f73daaaedee	413	525	949	255
METHOD_EXIT	io.netty.util.internal.AtomicReferenceCountUpdater#setReleaseRawRefCnt(T,int):void	afa72d68799d9de49f77	455	536	1002	210
METHOD_ENTRY	io.netty.util.internal.AtomicReferenceCountUpdater#casRawRefCnt(T,int,int):boolean	e82aefc9531efc3240f8	413	537	961	249
METHOD_EXIT	io.netty.util.internal.AtomicReferenceCountUpdater#casRawRefCnt(T,int,int):boolean	1c96b45203cac1ae5f46	455	614	1080	248
METHOD_EXIT	io.netty.util.internal.Mpsc#run():Object	ec901aaf85e7006f5d91	455	376	842	5
METHOD_ENTRY	io.netty.util.internal.Mpsc#newChunkedMpscQueue(int,int):Queue<T>	5a82b108321250a719b8	413	450	874	173
METHOD_ENTRY	io.netty.util.internal.Mpsc#newMpscQueue():Queue<T>	073a5784d2a50f6a586f	413	396	820	5
METHOD_EXIT	io.netty.util.internal.Mpsc#newChunkedMpscQueue(int,int):Queue<T>	790f08471cc5c54df5ca	455	528	994	289
METHOD_ENTRY	io.netty.util.internal.InternalThreadLocalMap#getIfSet():InternalThreadLocalMap	f6f9bcea3703e8313a38	413	1304	1728	277
METHOD_EXIT	io.netty.util.internal.InternalThreadLocalMap#getIfSet():InternalThreadLocalMap	3778920030872a240dcd	455	1381	1847	311
METHOD_EXIT	io.netty.util.internal.PlatformDependent#normalizeOs(String):String	db5d872e6e4c3bb882ec	455	5593	6059	429
METHOD_EXIT	io.netty.util.internal.InternalThreadLocalMap#get():InternalThreadLocalMap	6a3642fd5050b19b1dd7	455	1376	1842	272
METHOD_EXIT	io.netty.util.internal.Mpsc#newMpscQueue():Queue<T>	34fbdc9bd11262461c14	455	471	937	250
METHOD_ENTRY	io.netty.util.internal.InternalThreadLocalMap#fastGet(FastThreadLocalThread):InternalThreadLocalMap	59e4dc9391176db12605	413	1324	1748	272
METHOD_ENTRY	io.netty.util.internal.InternalThreadLocalMap#slowGet():InternalThreadLocalMap	3bc22ecc1b7111a7a6b9	413	1304	1728	256
METHOD_ENTRY	io.netty.util.internal.InternalThreadLocalMap#get():InternalThreadLocalMap	45067760b2367e0b951a	413	1299	1723	222
METHOD_EXIT	io.netty.util.internal.InternalThreadLocalMap#fastGet(FastThreadLocalThread):InternalThreadLocalMap	d9c0d2346861cf6b24ae	455	1404	1870	269
METHOD_EXIT	io.netty.util.internal.InternalThreadLocalMap#slowGet():InternalThreadLocalMap	31f6f729e3d3dd81e13e	455	1381	1847	287
METHOD_EXIT	io.netty.util.internal.InternalThreadLocalMap#remove():void	84f738a759db67e89d1e	455	1310	1776	275
METHOD_ENTRY	io.netty.util.internal.InternalThreadLocalMap#destroy():void	8d631798d5fec8c9604e	413	1259	1683	282
METHOD_EXIT	io.netty.util.internal.InternalThreadLocalMap#destroy():void	ba18e31ae1da07ad96a1	455	1270	1736	148
METHOD_ENTRY	io.netty.util.internal.InternalThreadLocalMap#remove():void	d3886ff193f273b9711e	413	1299	1723	122
METHOD_ENTRY	io.netty.util.internal.InternalThreadLocalMap#nextVariableIndex():int	497749bb7fe050d2c58c	413	1316	1740	281
METHOD_EXIT	io.netty.util.internal.InternalThreadLocalMap#lastVariableIndex():int	95f1117c60f9a21800e2	455	1340	1806	309
METHOD_ENTRY	io.netty.util.internal.InternalThreadLocalMap#newIndexedVariableTable():Object[]	54ea48a8a7fe7c13caaa	413	1287	1711	84
METHOD_ENTRY	io.netty.util.internal.InternalThreadLocalMap#lastVariableIndex():int	5318aab84bcfcd8d32c1	413	1266	1690	238
METHOD_EXIT	io.netty.util.internal.InternalThreadLocalMap#newIndexedVariableTable():Object[]	82ba98f030e90cca698a	455	1361	1827	220
METHOD_ENTRY	io.netty.util.internal.InternalThreadLocalMap#size():int	d99a568ec941cdb2c35e	413	1474	1898	304
METHOD_ENTRY	io.netty.util.internal.InternalThreadLocalMap#stringBuilder():StringBuilder	4155200721208d58998c	413	1335	1759	305
METHOD_EXIT	io.netty.util.internal.InternalThreadLocalMap#nextVariableIndex():int	66150f05e626b8a576bc	455	1390	1856	199
METHOD_ENTRY	io.netty.util.internal.InternalThreadLocalMap#charsetEncoderCache():Map<Charset, CharsetEncoder>	c629d1f793db565ac96b	413	1307	1731	205
METHOD_EXIT	io.netty.util.internal.InternalThreadLocalMap#stringBuilder():StringBuilder	a4d02ba8046f8d3053fc	455	1410	1876	324
METHOD_ENTRY	io.netty.util.internal.InternalThreadLocalMap#charsetDecoderCache():Map<Charset, CharsetDecoder>	2a55a679cc8f3053d8e8	413	1307	1731	331
METHOD_EXIT	io.netty.util.internal.InternalThreadLocalMap#charsetDecoderCache():Map<Charset, CharsetDecoder>	23b3f3dac718d48f9b64	455	1386	1852	290
METHOD_EXIT	io.netty.util.internal.InternalThreadLocalMap#charsetEncoderCache():Map<Charset, CharsetEncoder>	96bc8b1bb68ae4604990	455	1386	1852	208
METHOD_EXIT	io.netty.util.internal.InternalThreadLocalMap#size():int	84885dfa7c9cf021467b	455	1548	2014	553
METHOD_ENTRY	io.netty.util.internal.InternalThreadLocalMap#arrayList(int):ArrayList<E>	0927dbf99146e03308b5	413	1336	1760	99
METHOD_ENTRY	io.netty.util.internal.InternalThreadLocalMap#arrayList():ArrayList<E>	f79681d7b5cad7b37ffc	413	1273	1697	206
METHOD_EXIT	io.netty.util.internal.InternalThreadLocalMap#arrayList():ArrayList<E>	73c2005262a32bfd2b64	455	1349	1815	288
METHOD_ENTRY	io.netty.util.internal.InternalThreadLocalMap#futureListenerStackDepth():int	1a23ac246781ff663f87	413	1264	1688	239
METHOD_EXIT	io.netty.util.internal.InternalThreadLocalMap#futureListenerStackDepth():int	7846eee3652882af6302	455	1338	1804	162
METHOD_EXIT	io.netty.util.internal.InternalThreadLocalMap#setFutureListenerStackDepth(int):void	876704c0b3f782dc1321	455	1292	1758	113
METHOD_EXIT	io.netty.util.internal.InternalThreadLocalMap#arrayList(int):ArrayList<E>	b248e93529a4587e5db8	455	1415	1881	285
METHOD_EXIT	io.netty.util.internal.InternalThreadLocalMap#random():ThreadLocalRandom	d71e8b18577976a1f615	455	1342	1808	223
METHOD_ENTRY	io.netty.util.internal.InternalThreadLocalMap#random():ThreadLocalRandom	6767b3348e0e180a24c9	413	1266	1690	72
METHOD_ENTRY	io.netty.util.internal.InternalThreadLocalMap#typeParameterMatcherGetCache():Map<Class<?>, TypeParameterMatcher>	c4864445310a00f64e91	413	1318	1742	337
METHOD_ENTRY	io.netty.util.internal.InternalThreadLocalMap#typeParameterMatcherFindCache():Map<Class<?>, Map<String, TypeParameterMatcher>>	60d073606f62093eebaa	413	1327	1751	408
METHOD_EXIT	io.netty.util.internal.InternalThreadLocalMap#typeParameterMatcherGetCache():Map<Class<?>, TypeParameterMatcher>	f3e926b586a20d833890	455	1398	1864	322
METHOD_ENTRY	io.netty.util.internal.InternalThreadLocalMap#setFutureListenerStackDepth(int):void	ccfe676a30ccd3362c99	413	1281	1705	59
METHOD_EXIT	io.netty.util.internal.InternalThreadLocalMap#typeParameterMatcherFindCache():Map<Class<?>, Map<String, TypeParameterMatcher>>	1af12666a1e744138b50	455	1410	1876	374
METHOD_EXIT	io.netty.util.internal.InternalThreadLocalMap#counterHashCode():IntegerHolder	c0a80a255775a5dca5fb	455	1342	1808	116
METHOD_ENTRY	io.netty.util.internal.InternalThreadLocalMap#setCounterHashCode(IntegerHolder):void	82512588446c85f179c0	413	1277	1701	168
METHOD_EXIT	io.netty.util.internal.InternalThreadLocalMap#setCounterHashCode(IntegerHolder):void	157dfade5c75667681ca	455	1288	1754	53
METHOD_ENTRY	io.netty.util.internal.InternalThreadLocalMap#handlerSharableCache():Map<Class<?>, Boolean>	2ed5a813edaa067eeb64	413	1333	1757	213
METHOD_EXIT	io.netty.util.internal.InternalThreadLocalMap#handlerSharableCache():Map<Class<?>, Boolean>	af21388dcc8e638b1270	455	1411	1877	293
METHOD_ENTRY	io.netty.util.internal.InternalThreadLocalMap#setLocalChannelReaderStackDepth(int):void	7b7b94301cd375cfe2cd	413	1287	1711	157
METHOD_EXIT	io.netty.util.internal.InternalThreadLocalMap#localChannelReaderStackDepth():int	4470bcbfb7d7d64c357d	455	1341	1807	186
METHOD_EXIT	io.netty.util.internal.InternalThreadLocalMap#setLocalChannelReaderStackDepth(int):void	ccd351566eeea5dfa48a	455	1298	1764	278
METHOD_EXIT	io.netty.util.internal.InternalThreadLocalMap#indexedVariable(int):Object	a86211de4b69248aade9	455	1357	1823	253
METHOD_ENTRY	io.netty.util.internal.InternalThreadLocalMap#indexedVariable(int):Object	ae1309e95f518fc826bb	413	1280	1704	228
METHOD_ENTRY	io.netty.util.internal.InternalThreadLocalMap#setIndexedVariable(int,Object):boolean	ad03b51af5a8c1c253c9	413	1283	1707	278
METHOD_ENTRY	io.netty.util.internal.InternalThreadLocalMap#counterHashCode():IntegerHolder	ddc1b1ce7906184789fc	413	1267	1691	76
METHOD_EXIT	io.netty.util.internal.InternalThreadLocalMap#setIndexedVariable(int,Object):boolean	7d2788969a31cbebc242	455	1360	1826	192
METHOD_ENTRY	io.netty.util.internal.InternalThreadLocalMap#getAndSetIndexedVariable(int,Object):Object	69325a976951ddd8040c	413	1327	1751	277
METHOD_EXIT	io.netty.util.internal.InternalThreadLocalMap#getAndSetIndexedVariable(int,Object):Object	b4800b182e11d6cf8901	455	1404	1870	342
METHOD_ENTRY	io.netty.util.internal.InternalThreadLocalMap#expandIndexedVariableTableAndSet(int,Object):void	592b2f4697ea4c71cb41	413	1440	1864	260
METHOD_ENTRY	io.netty.util.internal.InternalThreadLocalMap#localChannelReaderStackDepth():int	30413eb48c6bc4e5a3c1	413	1267	1691	45
METHOD_EXIT	io.netty.util.internal.InternalThreadLocalMap#expandIndexedVariableTableAndSet(int,Object):void	bf5854b0837db35b9c9b	455	1451	1917	360
METHOD_ENTRY	io.netty.util.internal.InternalThreadLocalMap#removeIndexedVariable(int):Object	93db4265ae6819598e3a	413	1307	1731	196
METHOD_EXIT	io.netty.util.internal.InternalThreadLocalMap#isIndexedVariableSet(int):boolean	ec48c8c353fd686c419b	455	1361	1827	281
METHOD_ENTRY	io.netty.util.internal.InternalThreadLocalMap#isIndexedVariableSet(int):boolean	a0d5d86de72c3c107a6d	413	1284	1708	326
METHOD_EXIT	io.netty.util.internal.InternalThreadLocalMap#isCleanerFlagSet(int):boolean	574604e14913077f20b9	455	1355	1821	249
METHOD_ENTRY	io.netty.util.internal.InternalThreadLocalMap#isCleanerFlagSet(int):boolean	31c5efd6b6f20f6dfde0	413	1278	1702	212
METHOD_EXIT	io.netty.util.internal.InternalThreadLocalMap#setCleanerFlag(int):void	0b32c7a1bea23de55011	455	1300	1766	232
METHOD_ENTRY	io.netty.util.internal.RefCnt#refCnt(RefCnt):int	5770c993f814ee9352e2	413	1045	1469	232
METHOD_ENTRY	io.netty.util.internal.RefCnt#retain(RefCnt):void	c1dc5f187e2346c5b326	413	1049	1473	299
METHOD_EXIT	io.netty.util.internal.RefCnt#refCnt(RefCnt):int	5f44fb2049277aadc8dd	455	1122	1588	202
METHOD_EXIT	io.netty.util.internal.RefCnt#retain(RefCnt):void	f77b229c68336d4edfd6	455	1060	1526	268
METHOD_ENTRY	io.netty.util.internal.RefCnt#retain(RefCnt,int):void	e260216a8e4bf60a0ff4	413	1064	1488	141
METHOD_EXIT	io.netty.util.internal.RefCnt#retain(RefCnt,int):void	b83c94b5b91f1884750c	455	1075	1541	238
METHOD_ENTRY	io.netty.util.internal.InternalThreadLocalMap#setCleanerFlag(int):void	6fbfda94c6491fbf5f82	413	1289	1713	183
METHOD_ENTRY	io.netty.util.internal.RefCnt#release(RefCnt):boolean	0a248d79324be760390f	413	1040	1464	251
METHOD_EXIT	io.netty.util.internal.RefCnt#release(RefCnt):boolean	3aa647a304e101ba547c	455	1117	1583	241
METHOD_ENTRY	io.netty.util.internal.RefCnt#release(RefCnt,int):boolean	029f1f6cf022899544db	413	1055	1479	241
METHOD_EXIT	io.netty.util.internal.RefCnt#release(RefCnt,int):boolean	716903686c19380c3e60	455	1132	1598	277
METHOD_ENTRY	io.netty.util.internal.RefCnt#isLiveNonVolatile(RefCnt):boolean	e14e77cce087672d074b	413	1060	1484	250
METHOD_EXIT	io.netty.util.internal.InternalThreadLocalMap#removeIndexedVariable(int):Object	81635e7fd6992f248d64	455	1384	1850	243
METHOD_EXIT	io.netty.util.internal.RefCnt#isLiveNonVolatile(RefCnt):boolean	ba72d55dd7bcaae8039e	455	1137	1603	249
METHOD_EXIT	io.netty.util.internal.RefCnt#setRefCnt(RefCnt,int):void	e406294da712d97e6271	455	1086	1552	205
METHOD_ENTRY	io.netty.util.internal.RefCnt#resetRefCnt(RefCnt):void	31ebca488b993451bdfb	413	1056	1480	227
METHOD_EXIT	io.netty.util.internal.RefCnt#resetRefCnt(RefCnt):void	a2c4e27fd23a496ad811	455	1067	1533	232
METHOD_ENTRY	io.netty.util.internal.RefCnt#throwIllegalRefCountOnRelease(int,int):void	cef2e6505cacae5e160e	413	1016	1440	233
METHOD_EXIT	io.netty.util.internal.RefCnt#throwIllegalRefCountOnRelease(int,int):void	4930270ac7c69ec05cee	455	1027	1493	279
METHOD_EXIT	io.netty.util.internal.RefCnt#init(RefCnt):void	9d86112e9212c6d9d97c	455	1004	1470	157
METHOD_EXIT	io.netty.util.internal.RefCnt#refCnt(RefCnt):int	5f44fb2049277aadc8dd	455	1122	1588	202
METHOD_ENTRY	io.netty.util.internal.RefCnt#refCnt(RefCnt):int	5770c993f814ee9352e2	413	1045	1469	232
METHOD_EXIT	io.netty.util.internal.RefCnt#retain(RefCnt):void	f77b229c68336d4edfd6	455	1060	1526	268
METHOD_ENTRY	io.netty.util.internal.RefCnt#retain(RefCnt):void	c1dc5f187e2346c5b326	413	1049	1473	299
METHOD_ENTRY	io.netty.util.internal.RefCnt#retain(RefCnt,int):void	e260216a8e4bf60a0ff4	413	1064	1488	141
METHOD_ENTRY	io.netty.util.internal.RefCnt#retain0(RefCnt,int):void	30f01c9034b6be5d0165	413	1123	1547	221
METHOD_EXIT	io.netty.util.internal.RefCnt#retain(RefCnt,int):void	b83c94b5b91f1884750c	455	1075	1541	238
METHOD_EXIT	io.netty.util.internal.RefCnt#retain0(RefCnt,int):void	7615fa58336be397f0b5	455	1134	1600	252
METHOD_ENTRY	io.netty.util.internal.RefCnt#setRefCnt(RefCnt,int):void	4c922e6a15af8ce858d1	413	1075	1499	184
METHOD_ENTRY	io.netty.util.internal.RefCnt#release(RefCnt):boolean	0a248d79324be760390f	413	1040	1464	251
METHOD_EXIT	io.netty.util.internal.RefCnt#release(RefCnt):boolean	3aa647a304e101ba547c	455	1117	1583	241
METHOD_ENTRY	io.netty.util.internal.RefCnt#release(RefCnt,int):boolean	029f1f6cf022899544db	413	1055	1479	241
METHOD_ENTRY	io.netty.util.internal.RefCnt#init(RefCnt):void	52ee1c0364acd15e0856	413	993	1417	253
METHOD_EXIT	io.netty.util.internal.RefCnt#release(RefCnt,int):boolean	716903686c19380c3e60	455	1132	1598	277
METHOD_ENTRY	io.netty.util.internal.RefCnt#release0(RefCnt,int):boolean	4295db7047ad3e9b95a2	413	1097	1521	204
METHOD_EXIT	io.netty.util.internal.RefCnt#release0(RefCnt,int):boolean	26cdbe0972f417624171	455	1174	1640	335
METHOD_EXIT	io.netty.util.internal.RefCnt#setRefCnt(RefCnt,int):void	e406294da712d97e6271	455	1086	1552	205
METHOD_ENTRY	io.netty.util.internal.RefCnt#resetRefCnt(RefCnt):void	31ebca488b993451bdfb	413	1056	1480	227
METHOD_EXIT	io.netty.util.internal.RefCnt#resetRefCnt(RefCnt):void	a2c4e27fd23a496ad811	455	1067	1533	232
METHOD_EXIT	io.netty.util.internal.RefCnt#isLiveNonVolatile(RefCnt):boolean	ba72d55dd7bcaae8039e	455	1137	1603	249
METHOD_ENTRY	io.netty.util.internal.RefCnt#init(RefCnt):void	52ee1c0364acd15e0856	413	993	1417	253
METHOD_ENTRY	io.netty.util.internal.RefCnt#refCnt(RefCnt):int	5770c993f814ee9352e2	413	1045	1469	232
METHOD_EXIT	io.netty.util.internal.RefCnt#init(RefCnt):void	9d86112e9212c6d9d97c	455	1004	1470	157
METHOD_EXIT	io.netty.util.internal.RefCnt#refCnt(RefCnt):int	5f44fb2049277aadc8dd	455	1122	1588	202
METHOD_ENTRY	io.netty.util.internal.RefCnt#setRefCnt(RefCnt,int):void	4c922e6a15af8ce858d1	413	1075	1499	184
METHOD_ENTRY	io.netty.util.internal.RefCnt#retain(RefCnt):void	c1dc5f187e2346c5b326	413	1049	1473	299
METHOD_EXIT	io.netty.util.internal.RefCnt#retain(RefCnt):void	f77b229c68336d4edfd6	455	1060	1526	268
METHOD_EXIT	io.netty.util.internal.RefCnt#retain(RefCnt,int):void	b83c94b5b91f1884750c	455	1075	1541	238
METHOD_ENTRY	io.netty.util.internal.RefCnt#retain(RefCnt,int):void	e260216a8e4bf60a0ff4	413	1064	1488	141
METHOD_ENTRY	io.netty.util.internal.RefCnt#retain0(RefCnt,int):void	30f01c9034b6be5d0165	413	1123	1547	221
METHOD_EXIT	io.netty.util.internal.RefCnt#retain0(RefCnt,int):void	7615fa58336be397f0b5	455	1134	1600	252
METHOD_ENTRY	io.netty.util.internal.RefCnt#isLiveNonVolatile(RefCnt):boolean	e14e77cce087672d074b	413	1060	1484	250
METHOD_EXIT	io.netty.util.internal.RefCnt#release(RefCnt):boolean	3aa647a304e101ba547c	455	1117	1583	241
METHOD_ENTRY	io.netty.util.internal.RefCnt#release(RefCnt,int):boolean	029f1f6cf022899544db	413	1055	1479	241
METHOD_EXIT	io.netty.util.internal.RefCnt#release(RefCnt,int):boolean	716903686c19380c3e60	455	1132	1598	277
METHOD_ENTRY	io.netty.util.internal.RefCnt#release0(RefCnt,int):boolean	4295db7047ad3e9b95a2	413	1097	1521	204
METHOD_ENTRY	io.netty.util.internal.RefCnt#setRefCnt(RefCnt,int):void	4c922e6a15af8ce858d1	413	1075	1499	184
METHOD_EXIT	io.netty.util.internal.RefCnt#release0(RefCnt,int):boolean	26cdbe0972f417624171	455	1174	1640	335
METHOD_ENTRY	io.netty.util.internal.RefCnt#resetRefCnt(RefCnt):void	31ebca488b993451bdfb	413	1056	1480	227
METHOD_EXIT	io.netty.util.internal.RefCnt#resetRefCnt(RefCnt):void	a2c4e27fd23a496ad811	455	1067	1533	232
METHOD_ENTRY	io.netty.util.internal.RefCnt#isLiveNonVolatile(RefCnt):boolean	e14e77cce087672d074b	413	1060	1484	250
METHOD_EXIT	io.netty.util.internal.RefCnt#isLiveNonVolatile(RefCnt):boolean	ba72d55dd7bcaae8039e	455	1137	1603	249
METHOD_ENTRY	io.netty.util.internal.RefCnt#getUnsafeOffset(Class<?>,String):long	f28c8c255b85f5c4ae9c	413	1048	1472	296
METHOD_EXIT	io.netty.util.internal.RefCnt#getUnsafeOffset(Class<?>,String):long	47827d3ea3500ccf6f9b	455	1125	1591	313
METHOD_EXIT	io.netty.util.internal.RefCnt#setRefCnt(RefCnt,int):void	e406294da712d97e6271	455	1086	1552	205
METHOD_EXIT	io.netty.util.internal.RefCnt#init(RefCnt):void	9d86112e9212c6d9d97c	455	1004	1470	157
METHOD_ENTRY	io.netty.util.internal.RefCnt#init(RefCnt):void	52ee1c0364acd15e0856	413	993	1417	253
METHOD_ENTRY	io.netty.util.internal.RefCnt#refCnt(RefCnt):int	5770c993f814ee9352e2	413	1045	1469	232
METHOD_EXIT	io.netty.util.internal.RefCnt#refCnt(RefCnt):int	5f44fb2049277aadc8dd	455	1122	1588	202
METHOD_ENTRY	io.netty.util.internal.RefCnt#retain(RefCnt):void	c1dc5f187e2346c5b326	413	1049	1473	299
METHOD_ENTRY	io.netty.util.internal.RefCnt#release(RefCnt):boolean	0a248d79324be760390f	413	1040	1464	251
METHOD_EXIT	io.netty.util.internal.RefCnt#retain(RefCnt):void	f77b229c68336d4edfd6	455	1060	1526	268
METHOD_ENTRY	io.netty.util.internal.RefCnt#retain0(RefCnt,int):void	30f01c9034b6be5d0165	413	1123	1547	221
METHOD_EXIT	io.netty.util.internal.RefCnt#retain(RefCnt,int):void	b83c94b5b91f1884750c	455	1075	1541	238
METHOD_EXIT	io.netty.util.internal.RefCnt#retain0(RefCnt,int):void	7615fa58336be397f0b5	455	1134	1600	252
METHOD_ENTRY	io.netty.util.internal.RefCnt#release(RefCnt):boolean	0a248d79324be760390f	413	1040	1464	251
METHOD_EXIT	io.netty.util.internal.RefCnt#release(RefCnt):boolean	3aa647a304e101ba547c	455	1117	1583	241
METHOD_EXIT	io.netty.util.internal.RefCnt#release(RefCnt,int):boolean	716903686c19380c3e60	455	1132	1598	277
METHOD_ENTRY	io.netty.util.internal.RefCnt#release0(RefCnt,int):boolean	4295db7047ad3e9b95a2	413	1097	1521	204
METHOD_EXIT	io.netty.util.internal.RefCnt#release0(RefCnt,int):boolean	26cdbe0972f417624171	455	1174	1640	335
METHOD_ENTRY	io.netty.util.internal.RefCnt#setRefCnt(RefCnt,int):void	4c922e6a15af8ce858d1	413	1075	1499	184
METHOD_EXIT	io.netty.util.internal.RefCnt#setRefCnt(RefCnt,int):void	e406294da712d97e6271	455	1086	1552	205
METHOD_ENTRY	io.netty.util.internal.RefCnt#resetRefCnt(RefCnt):void	31ebca488b993451bdfb	413	1056	1480	227
METHOD_ENTRY	io.netty.util.internal.RefCnt#release(RefCnt,int):boolean	029f1f6cf022899544db	413	1055	1479	241
METHOD_EXIT	io.netty.util.internal.RefCnt#resetRefCnt(RefCnt):void	a2c4e27fd23a496ad811	455	1067	1533	232
METHOD_ENTRY	io.netty.util.internal.AtomicRefCnt#init(RefCnt):void	60aa6e6c5142d31392f3	413	394	818	272
METHOD_ENTRY	io.netty.util.internal.RefCnt#isLiveNonVolatile(RefCnt):boolean	e14e77cce087672d074b	413	1060	1484	250
METHOD_ENTRY	io.netty.util.internal.AtomicRefCnt#refCnt(RefCnt):int	f300a19a895b12f37fe7	413	446	870	137
METHOD_EXIT	io.netty.util.internal.RefCnt#isLiveNonVolatile(RefCnt):boolean	ba72d55dd7bcaae8039e	455	1137	1603	249
METHOD_EXIT	io.netty.util.internal.AtomicRefCnt#init(RefCnt):void	bfcb3240587436bc41d9	455	405	871	272
METHOD_ENTRY	io.netty.util.internal.AtomicRefCnt#retain(RefCnt):void	3fea520c4a002b7cbd92	413	450	874	135
METHOD_EXIT	io.netty.util.internal.AtomicRefCnt#retain(RefCnt):void	eaf6591b71119431f5bf	455	461	927	88
METHOD_ENTRY	io.netty.util.internal.RefCnt#retain(RefCnt,int):void	e260216a8e4bf60a0ff4	413	1064	1488	141
METHOD_ENTRY	io.netty.util.internal.AtomicRefCnt#retain(RefCnt,int):void	61a34a09b21dd457aaba	413	465	889	239
METHOD_EXIT	io.netty.util.internal.AtomicRefCnt#retain(RefCnt,int):void	073caa39fbc285b24dc1	455	476	942	209
METHOD_ENTRY	io.netty.util.internal.AtomicRefCnt#retain0(RefCnt,int):void	c5195f6339cdf90179c2	413	524	948	239
METHOD_EXIT	io.netty.util.internal.AtomicRefCnt#retain0(RefCnt,int):void	8960bbb0943f6bf88ef0	455	535	1001	319
METHOD_EXIT	io.netty.util.internal.AtomicRefCnt#release(RefCnt):boolean	bdafcd4c32449e10e599	455	518	984	303
METHOD_ENTRY	io.netty.util.internal.AtomicRefCnt#release(RefCnt):boolean	abb074a42517a304b2e6	413	441	865	235
METHOD_EXIT	io.netty.util.internal.AtomicRefCnt#release(RefCnt,int):boolean	73e5587ef6d586790438	455	533	999	269
METHOD_EXIT	io.netty.util.internal.AtomicRefCnt#release0(RefCnt,int):boolean	f948745f52da932efe20	455	575	1041	365
METHOD_ENTRY	io.netty.util.internal.AtomicRefCnt#release0(RefCnt,int):boolean	f0752d3ae6bfb4f88d12	413	498	922	236
METHOD_ENTRY	io.netty.util.internal.AtomicRefCnt#setRefCnt(RefCnt,int):void	ec0074cc6629af4c68d2	413	476	900	95
METHOD_EXIT	io.netty.util.internal.AtomicRefCnt#setRefCnt(RefCnt,int):void	df84d95f5247d0953ac4	455	487	953	160
METHOD_EXIT	io.netty.util.internal.AtomicRefCnt#refCnt(RefCnt):int	95d89ce7ab35aae05550	455	523	989	292
METHOD_EXIT	io.netty.util.internal.AtomicRefCnt#resetRefCnt(RefCnt):void	35678354cab7b761b2b1	455	468	934	144
METHOD_ENTRY	io.netty.util.internal.AtomicRefCnt#isLiveNonVolatile(RefCnt):boolean	866f3ea9e69c9421d3e4	413	461	885	184
METHOD_ENTRY	io.netty.util.internal.AtomicRefCnt#resetRefCnt(RefCnt):void	6a42665f24ac768cb755	413	457	881	80
METHOD_EXIT	io.netty.util.internal.AtomicRefCnt#isLiveNonVolatile(RefCnt):boolean	645cb6a9c3fdde31231e	455	538	1004	262
METHOD_ENTRY	io.netty.util.internal.VarHandleRefCnt#init(RefCnt):void	ad3ad7fb6b4dc9f522f2	413	395	819	59
METHOD_EXIT	io.netty.util.internal.VarHandleRefCnt#init(RefCnt):void	821bb0d330ab19dbe9c3	455	406	872	253
METHOD_ENTRY	io.netty.util.internal.AtomicRefCnt#release(RefCnt,int):boolean	416b2f26ac88f870a693	413	456	880	258
METHOD_EXIT	io.netty.util.internal.VarHandleRefCnt#refCnt(RefCnt):int	6a4d825fa3940bf5f860	455	524	990	309
METHOD_ENTRY	io.netty.util.internal.VarHandleRefCnt#retain(RefCnt):void	96a01e4d5e994a36092a	413	451	875	134
METHOD_ENTRY	io.netty.util.internal.VarHandleRefCnt#retain(RefCnt,int):void	3f3496dc24eed3e94da0	413	466	890	185
METHOD_EXIT	io.netty.util.internal.VarHandleRefCnt#retain(RefCnt):void	12f12400e3cb5e08492e	455	462	928	284
METHOD_EXIT	io.netty.util.internal.VarHandleRefCnt#retain(RefCnt,int):void	945b224c17962707f5cd	455	477	943	203
METHOD_ENTRY	io.netty.util.internal.VarHandleRefCnt#retain0(RefCnt,int):void	358b1156a5dd9b838dd3	413	525	949	256
METHOD_ENTRY	io.netty.util.internal.VarHandleRefCnt#release(RefCnt):boolean	66a486ef73c33169fc4a	413	442	866	245
METHOD_ENTRY	io.netty.util.internal.VarHandleRefCnt#release(RefCnt,int):boolean	ed4bd0cf08b7966df817	413	457	881	145
METHOD_EXIT	io.netty.util.internal.VarHandleRefCnt#release(RefCnt,int):boolean	613b8e62d1711a671efb	455	534	1000	266
METHOD_EXIT	io.netty.util.internal.VarHandleRefCnt#release(RefCnt):boolean	b895d2ced27116053d65	455	519	985	288
METHOD_ENTRY	io.netty.util.internal.VarHandleRefCnt#refCnt(RefCnt):int	d69d8339dea8406c8f25	413	447	871	125
METHOD_EXIT	io.netty.util.internal.VarHandleRefCnt#release0(RefCnt,int):boolean	029a594cc9f95ed3c9df	455	576	1042	339
METHOD_ENTRY	io.netty.util.internal.VarHandleRefCnt#release0(RefCnt,int):boolean	c293f829017db794e53c	413	499	923	277
METHOD_ENTRY	io.netty.util.internal.VarHandleRefCnt#setRefCnt(RefCnt,int):void	b8eaea24c8881080be3b	413	477	901	233
METHOD_EXIT	io.netty.util.internal.VarHandleRefCnt#setRefCnt(RefCnt,int):void	b098533e991b335903bf	455	488	954	198
METHOD_ENTRY	io.netty.util.internal.VarHandleRefCnt#resetRefCnt(RefCnt):void	3b81ea0718bd0ad90154	413	458	882	154
METHOD_EXIT	io.netty.util.internal.VarHandleRefCnt#resetRefCnt(RefCnt):void	0ed35acda11797980e43	455	469	935	238
METHOD_EXIT	io.netty.util.internal.VarHandleRefCnt#retain0(RefCnt,int):void	0c62f87e6c205f05b998	455	536	1002	203
METHOD_EXIT	io.netty.util.internal.VarHandleRefCnt#isLiveNonVolatile(RefCnt):boolean	16aaf3c94b46f33070f5	455	539	1005	354
METHOD_ENTRY	io.netty.util.internal.UnsafeRefCnt#getUnsafeOffset(Class<?>,String):long	e9b8536f8cb38324577c	413	450	874	403
METHOD_EXIT	io.netty.util.internal.UnsafeRefCnt#getUnsafeOffset(Class<?>,String):long	d36b45412f704c02002d	455	527	993	203
METHOD_ENTRY	io.netty.util.internal.UnsafeRefCnt#init(RefCnt):void	089298f7e4a487125bc9	413	395	819	117
METHOD_ENTRY	io.netty.util.internal.UnsafeRefCnt#refCnt(RefCnt):int	273388d271374263c319	413	447	871	194
METHOD_EXIT	io.netty.util.internal.UnsafeRefCnt#init(RefCnt):void	ce4ef44ca091a94d8fd3	455	406	872	102
METHOD_ENTRY	io.netty.util.internal.UnsafeRefCnt#retain(RefCnt):void	c5fea4cf8c2fd7d2114a	413	451	875	226
METHOD_EXIT	io.netty.util.internal.UnsafeRefCnt#retain(RefCnt):void	e1d75d1977f286d36c51	455	462	928	113
METHOD_ENTRY	io.netty.util.internal.UnsafeRefCnt#retain(RefCnt,int):void	ddac93f9cf0e155d4184	413	466	890	174
METHOD_ENTRY	io.netty.util.internal.UnsafeRefCnt#retain0(RefCnt,int):void	0d42b62496e7ed9e9288	413	525	949	256
METHOD_EXIT	io.netty.util.internal.UnsafeRefCnt#retain(RefCnt,int):void	fad43f380d03a2ae88c2	455	477	943	271
METHOD_EXIT	io.netty.util.internal.UnsafeRefCnt#retain0(RefCnt,int):void	65eab44dcd552f4141b2	455	536	1002	286
METHOD_EXIT	io.netty.util.internal.UnsafeRefCnt#refCnt(RefCnt):int	a500252d3cb8f8410581	455	524	990	237
METHOD_ENTRY	io.netty.util.internal.UnsafeRefCnt#release(RefCnt):boolean	231b42ed169042135ab9	413	442	866	240
METHOD_ENTRY	io.netty.util.internal.VarHandleRefCnt#isLiveNonVolatile(RefCnt):boolean	3e2964041c35cf6ccf0a	413	462	886	192
METHOD_ENTRY	io.netty.util.internal.UnsafeRefCnt#release(RefCnt,int):boolean	cff0c2210d30c4496617	413	457	881	201
METHOD_EXIT	io.netty.util.internal.UnsafeRefCnt#release(RefCnt):boolean	ac5f04602e8e0fa2c48e	455	519	985	207
METHOD_EXIT	io.netty.util.internal.UnsafeRefCnt#release(RefCnt,int):boolean	adcb1a86d272b436aa19	455	534	1000	278
METHOD_ENTRY	io.netty.util.internal.UnsafeRefCnt#release0(RefCnt,int):boolean	f397a2757afc1ee305ab	413	499	923	263
METHOD_EXIT	io.netty.util.internal.UnsafeRefCnt#release0(RefCnt,int):boolean	dde129a119f76c52cee6	455	576	1042	246
METHOD_EXIT	io.netty.util.internal.UnsafeRefCnt#setRefCnt(RefCnt,int):void	3d73743ac8ad5d175c32	455	488	954	258
METHOD_EXIT	io.netty.util.internal.UnsafeRefCnt#resetRefCnt(RefCnt):void	42f7ea3c85a73765b4a6	455	469	935	255
METHOD_ENTRY	io.netty.util.internal.UnsafeRefCnt#isLiveNonVolatile(RefCnt):boolean	698502be162ca053bf0e	413	462	886	211
METHOD_EXIT	io.netty.util.internal.UnsafeRefCnt#isLiveNonVolatile(RefCnt):boolean	46c4bfa935c422589265	455	539	1005	297
METHOD_ENTRY	io.netty.util.internal.logging.Log4JLogger#isTraceCapable():boolean	2f9ed104b7793fbe4aec	413	2023	2447	216
METHOD_EXIT	io.netty.util.internal.logging.Log4JLogger#isTraceCapable():boolean	8abbe5733f8a72494b70	455	2097	2563	234
METHOD_ENTRY	io.netty.util.internal.logging.Log4JLogger#isTraceEnabled():boolean	8922b1581aa7c5c9fcb3	413	2022	2446	256
METHOD_ENTRY	io.netty.util.internal.UnsafeRefCnt#resetRefCnt(RefCnt):void	83ca27f6d8af60cff5c7	413	458	882	115
METHOD_EXIT	io.netty.util.internal.logging.Log4JLogger#isTraceEnabled():boolean	702acd74ae5778508134	455	2096	2562	362
METHOD_EXIT	io.netty.util.internal.logging.Log4JLogger#trace(String):void	9d2a76402654a46ed000	455	2028	2494	283
METHOD_ENTRY	io.netty.util.internal.logging.Log4JLogger#trace(String,Object):void	3c311bad09672b9fd62f	413	2055	2479	271
METHOD_ENTRY	io.netty.util.internal.logging.Log4JLogger#trace(String):void	720134ade71bb33de9b9	413	2017	2441	250
METHOD_ENTRY	io.netty.util.internal.logging.Log4JLogger#trace(String,Object,Object):void	6403fd62f7d75e33eae4	413	2072	2496	322
METHOD_EXIT	io.netty.util.internal.logging.Log4JLogger#trace(String,Object):void	3927e678afb01487330b	455	2066	2532	298
METHOD_ENTRY	io.netty.util.internal.UnsafeRefCnt#setRefCnt(RefCnt,int):void	ea4329c24f279c4fe854	413	477	901	117
METHOD_ENTRY	io.netty.util.internal.logging.Log4JLogger#trace(String,Object):void	3c311bad09672b9fd62f	413	2055	2479	271
METHOD_EXIT	io.netty.util.internal.logging.Log4JLogger#trace(String,Object):void	3927e678afb01487330b	455	2066	2532	298
METHOD_ENTRY	io.netty.util.internal.logging.Log4JLogger#trace(String,Throwable):void	6adfbc42062a18ff9a1f	413	2027	2451	304
METHOD_EXIT	io.netty.util.internal.logging.Log4JLogger#trace(String,Throwable):void	4bc42093abbe91728ac5	455	2038	2504	278
METHOD_ENTRY	io.netty.util.internal.logging.Log4JLogger#isDebugEnabled():boolean	7f63c122e76e91b41935	413	2001	2425	300
METHOD_EXIT	io.netty.util.internal.logging.Log4JLogger#isDebugEnabled():boolean	01afdfb6b52bc41f99ac	455	2075	2541	245
METHOD_EXIT	io.netty.util.internal.logging.Log4JLogger#debug(String):void	50f6b65ee0c09ddd0c1f	455	2020	2486	302
METHOD_ENTRY	io.netty.util.internal.logging.Log4JLogger#debug(String,Object):void	53382ca1b7f35bf2cb7e	413	2045	2469	311
METHOD_EXIT	io.netty.util.internal.logging.Log4JLogger#debug(String,Object):void	934c69587ff2532fc157	455	2056	2522	221
METHOD_EXIT	io.netty.util.internal.logging.Log4JLogger#debug(String,Object,Object):void	c57d3ea05736680c93aa	455	2073	2539	304
METHOD_ENTRY	io.netty.util.internal.logging.Log4JLogger#debug(String,Object,Object):void	313d9737900f367b3969	413	2062	2486	311
METHOD_ENTRY	io.netty.util.internal.logging.Log4JLogger#debug(String,Object):void	53382ca1b7f35bf2cb7e	413	2045	2469	311
METHOD_EXIT	io.netty.util.internal.logging.Log4JLogger#debug(String,Object):void	934c69587ff2532fc157	455	2056	2522	221
METHOD_ENTRY	io.netty.util.internal.logging.Log4JLogger#debug(String):void	c8651ad85fd39a1564ac	413	2009	2433	238
METHOD_ENTRY	io.netty.util.internal.logging.Log4JLogger#debug(String,Throwable):void	92e1339619eeca31a8fc	413	2019	2443	271
METHOD_EXIT	io.netty.util.internal.logging.Log4JLogger#trace(String,Object,Object):void	9f0ac0b0836dcba98178	455	2083	2549	300
METHOD_EXIT	io.netty.util.internal.logging.Log4JLogger#debug(String,Throwable):void	758dc7cbd0deb8531bf0	455	2030	2496	251
METHOD_ENTRY	io.netty.util.internal.logging.Log4JLogger#isInfoEnabled():boolean	5a95906c8d712fd35d2d	413	2001	2425	252
METHOD_EXIT	io.netty.util.internal.logging.Log4JLogger#isInfoEnabled():boolean	834c4e25fe78160279ca	455	2075	2541	249
METHOD_ENTRY	io.netty.util.internal.logging.Log4JLogger#info(String):void	5be163b68d9e6316f338	413	2009	2433	225
METHOD_EXIT	io.netty.util.internal.logging.Log4JLogger#info(String):void	7e9affdff4cf717001d7	455	2020	2486	240
METHOD_EXIT	io.netty.util.internal.logging.Log4JLogger#info(String,Object):void	ceea7c316dd8c1100be0	455	2056	2522	267
METHOD_EXIT	io.netty.util.internal.logging.Log4JLogger#info(String,Object,Object):void	bb90d46b4f9e30ac3c70	455	2073	2539	299
METHOD_ENTRY	io.netty.util.internal.logging.Log4JLogger#info(String,Object):void	2eb007376a9a15e62a60	413	2045	2469	352
METHOD_EXIT	io.netty.util.internal.logging.Log4JLogger#info(String,Object):void	ceea7c316dd8c1100be0	455	2056	2522	267
METHOD_ENTRY	io.netty.util.internal.logging.Log4JLogger#info(String,Throwable):void	66d362566e519b78b904	413	2019	2443	262
METHOD_EXIT	io.netty.util.internal.logging.Log4JLogger#info(String,Throwable):void	90e441bf5b1e10037a47	455	2030	2496	283
METHOD_ENTRY	io.netty.util.internal.logging.Log4JLogger#isWarnEnabled():boolean	7cc5880d828aa5f92d56	413	2004	2428	318
METHOD_EXIT	io.netty.util.internal.logging.Log4JLogger#isWarnEnabled():boolean	5f4a37ce8b49aba9f335	455	2078	2544	279
METHOD_ENTRY	io.netty.util.internal.logging.Log4JLogger#warn(String):void	1d68289e93182670014b	413	2010	2434	220
METHOD_EXIT	io.netty.util.internal.logging.Log4JLogger#warn(String):void	71d9453fca3b19ad0cdb	455	2021	2487	274
METHOD_ENTRY	io.netty.util.internal.logging.Log4JLogger#warn(String,Object):void	146db0a1fda364417fbc	413	2049	2473	219
METHOD_EXIT	io.netty.util.internal.logging.Log4JLogger#warn(String,Object):void	4dd5b58d11767126e305	455	2060	2526	278
METHOD_ENTRY	io.netty.util.internal.logging.Log4JLogger#warn(String,Object,Object):void	14e12c575e534cff6065	413	2066	2490	232
METHOD_ENTRY	io.netty.util.internal.logging.Log4JLogger#info(String,Object):void	2eb007376a9a15e62a60	413	2045	2469	352
METHOD_EXIT	io.netty.util.internal.logging.Log4JLogger#warn(String,Object,Object):void	321a7774b7b4bd936721	455	2077	2543	281
METHOD_ENTRY	io.netty.util.internal.logging.Log4JLogger#warn(String,Object):void	146db0a1fda364417fbc	413	2049	2473	219
METHOD_ENTRY	io.netty.util.internal.logging.Log4JLogger#info(String,Object,Object):void	70ee4c2dd007ddbf7724	413	2062	2486	331
METHOD_EXIT	io.netty.util.internal.logging.Log4JLogger#warn(String,Object):void	4dd5b58d11767126e305	455	2060	2526	278
METHOD_ENTRY	io.netty.util.internal.logging.Log4JLogger#warn(String,Throwable):void	1ac6fae66bc0da296567	413	2020	2444	262
METHOD_EXIT	io.netty.util.internal.logging.Log4JLogger#warn(String,Throwable):void	82384a6382ba9fed631e	455	2031	2497	262
METHOD_ENTRY	io.netty.util.internal.logging.Log4JLogger#isErrorEnabled():boolean	27ab1105b1dd463b22df	413	2003	2427	275
METHOD_EXIT	io.netty.util.internal.logging.Log4JLogger#error(String):void	4319444238eb95787375	455	2019	2485	273
METHOD_ENTRY	io.netty.util.internal.logging.Log4JLogger#error(String):void	fd7ad5118c4cb5879f23	413	2008	2432	292
METHOD_EXIT	io.netty.util.internal.logging.Log4JLogger#error(String,Object):void	53d3c316173ba2cb7274	455	2057	2523	279
METHOD_EXIT	io.netty.util.internal.logging.Log4JLogger#error(String,Object,Object):void	9e86cb653e39af7bdab6	455	2074	2540	303
METHOD_ENTRY	io.netty.util.internal.logging.Log4JLogger#error(String,Object,Object):void	85a8a77cfdc4ab9c2151	413	2063	2487	233
METHOD_ENTRY	io.netty.util.internal.logging.Log4JLogger#error(String,Object):void	6009a7608c6ba4fb882d	413	2046	2470	266
METHOD_EXIT	io.netty.util.internal.logging.Log4JLogger#error(String,Object):void	53d3c316173ba2cb7274	455	2057	2523	279
METHOD_ENTRY	io.netty.util.internal.logging.Log4JLogger#error(String,Throwable):void	2eefd467e34a286016ea	413	2018	2442	283
METHOD_ENTRY	io.netty.util.internal.logging.Log4J2Logger#run():Boolean	b183378cb8c640ea9990	413	572	996	124
METHOD_EXIT	io.netty.util.internal.logging.Log4J2Logger#run():Boolean	eb58b9badf834501f658	455	583	1049	206
METHOD_ENTRY	io.netty.util.internal.logging.Log4J2Logger#name():String	6688b230e565682ea84b	413	591	1015	63
METHOD_EXIT	io.netty.util.internal.logging.Log4J2Logger#name():String	a61e4ebbc41a96d11317	455	665	1131	220
METHOD_EXIT	io.netty.util.internal.logging.Log4J2Logger#trace(Throwable):void	77aa691435c00d729895	455	614	1080	286
METHOD_EXIT	io.netty.util.internal.logging.Log4JLogger#error(String,Throwable):void	1728435cdb8af3ca6c2f	455	2029	2495	263
METHOD_ENTRY	io.netty.util.internal.logging.Log4J2Logger#trace(Throwable):void	59a1a0ba6c4de987188d	413	603	1027	222
METHOD_ENTRY	io.netty.util.internal.logging.Log4J2Logger#info(Throwable):void	5b8e628916dbcaadf6cf	413	602	1026	265
METHOD_ENTRY	io.netty.util.internal.logging.Log4J2Logger#debug(Throwable):void	06ceb9cc6ba9400a0c67	413	602	1026	197
METHOD_EXIT	io.netty.util.internal.logging.Log4J2Logger#debug(Throwable):void	5bf1cd990904491bb82a	455	613	1079	347
METHOD_ENTRY	io.netty.util.internal.logging.Log4JLogger#error(String,Object):void	6009a7608c6ba4fb882d	413	2046	2470	266
METHOD_EXIT	io.netty.util.internal.logging.Log4J2Logger#info(Throwable):void	c743d19573389a4bb3ab	455	613	1079	291
METHOD_ENTRY	io.netty.util.internal.logging.Log4J2Logger#warn(Throwable):void	e667efe659553e21b609	413	603	1027	250
METHOD_EXIT	io.netty.util.internal.logging.Log4J2Logger#warn(Throwable):void	854c0720c622135ea16b	455	614	1080	321
METHOD_ENTRY	io.netty.util.internal.logging.Log4J2Logger#error(Throwable):void	0dfbea0055bf6c14696c	413	601	1025	296
METHOD_ENTRY	io.netty.util.internal.logging.Log4J2Logger#isEnabled(InternalLogLevel):boolean	d71f6817bd49cda563d0	413	609	1033	254
METHOD_EXIT	io.netty.util.internal.logging.Log4J2Logger#error(Throwable):void	81434bdbf932890148a0	455	612	1078	281
METHOD_EXIT	io.netty.util.internal.logging.Log4J2Logger#log(InternalLogLevel,String):void	8cc22765a18a7161c5de	455	627	1093	277
METHOD_ENTRY	io.netty.util.internal.logging.Log4J2Logger#log(InternalLogLevel,String):void	8d36f6027360f8c1ca7b	413	616	1040	235
METHOD_ENTRY	io.netty.util.internal.logging.Log4J2Logger#log(InternalLogLevel,String,Object):void	b05052ebe039b5a072a7	413	627	1051	253
METHOD_EXIT	io.netty.util.internal.logging.Log4J2Logger#log(InternalLogLevel,String,Object):void	78a587a5a181d0072ce3	455	638	1104	211
METHOD_EXIT	io.netty.util.internal.logging.Log4J2Logger#isEnabled(InternalLogLevel):boolean	c2f5ca00567eed52fba9	455	686	1152	209
METHOD_ENTRY	io.netty.util.internal.logging.Log4J2Logger#log(InternalLogLevel,String,Object,Object):void	f19d5fcd9695a6b1aaba	413	644	1068	211
METHOD_EXIT	io.netty.util.internal.logging.Log4J2Logger#log(InternalLogLevel,String,Object,Object):void	40a8325c1543a5acb2ec	455	655	1121	244
METHOD_EXIT	io.netty.util.internal.logging.Log4J2Logger#log(InternalLogLevel,String,Object):void	78a587a5a181d0072ce3	455	638	1104	211
METHOD_ENTRY	io.netty.util.internal.logging.Log4J2Logger#log(InternalLogLevel,String,Object):void	b05052ebe039b5a072a7	413	627	1051	253
METHOD_ENTRY	io.netty.util.internal.logging.Log4J2Logger#log(InternalLogLevel,String,Throwable):void	7672e036dbe42ff9d0f4	413	628	1052	236
METHOD_EXIT	io.netty.util.internal.logging.Log4J2Logger#log(InternalLogLevel,String,Throwable):void	330d09a37982990efcbb	455	639	1105	243
METHOD_EXIT	io.netty.util.internal.logging.Log4J2Logger#log(InternalLogLevel,Throwable):void	ee46c282d46598075d4b	455	632	1098	269
METHOD_ENTRY	io.netty.util.internal.logging.Log4J2Logger#toLevel(InternalLogLevel):Level	3789b5d9082a8206c9e6	413	670	1094	123
METHOD_EXIT	io.netty.util.internal.logging.Log4JLogger#isErrorEnabled():boolean	b6205aa6c7142de69a26	455	2077	2543	260
METHOD_EXIT	io.netty.util.internal.logging.Log4J2Logger#toLevel(InternalLogLevel):Level	7e706fc77c5c5da126b2	455	747	1213	295
METHOD_EXIT	io.netty.util.internal.logging.LocationAwareSlf4JLogger#log(int,String):void	f4b329338b4ff7762514	455	873	1339	207
METHOD_ENTRY	io.netty.util.internal.logging.LocationAwareSlf4JLogger#log(int,String,Throwable):void	9e535a6756b0e9135966	413	872	1296	246
METHOD_ENTRY	io.netty.util.internal.logging.LocationAwareSlf4JLogger#log(int,String):void	e816ffb5a3d4495c1a68	413	862	1286	252
METHOD_EXIT	io.netty.util.internal.logging.LocationAwareSlf4JLogger#log(int,String,Throwable):void	b9656dec1181f5381165	455	883	1349	253
METHOD_ENTRY	io.netty.util.internal.logging.LocationAwareSlf4JLogger#isTraceEnabled():boolean	03e82c16c56803e3df18	413	843	1267	278
METHOD_ENTRY	io.netty.util.internal.logging.LocationAwareSlf4JLogger#log(int,org.slf4j.helpers.FormattingTuple):void	5def160183e8bad4f56f	413	885	1309	218
METHOD_ENTRY	io.netty.util.internal.logging.Log4J2Logger#log(InternalLogLevel,Throwable):void	a89eb9dd044eeae49b53	413	621	1045	215
METHOD_EXIT	io.netty.util.internal.logging.LocationAwareSlf4JLogger#isTraceEnabled():boolean	bced56d8ac39c260c982	455	917	1383	257
METHOD_ENTRY	io.netty.util.internal.logging.LocationAwareSlf4JLogger#trace(String):void	2a3a8bf1b07fee54bdc3	413	855	1279	234
METHOD_EXIT	io.netty.util.internal.logging.LocationAwareSlf4JLogger#trace(String):void	8a79c1d8b2bc0e33ab98	455	866	1332	295
METHOD_ENTRY	io.netty.util.internal.logging.LocationAwareSlf4JLogger#trace(String,Object):void	15f183cef77df2d0d15f	413	874	1298	155
METHOD_EXIT	io.netty.util.internal.logging.LocationAwareSlf4JLogger#trace(String,Object):void	be96bf6de5409c7bf57a	455	885	1351	297
METHOD_ENTRY	io.netty.util.internal.logging.LocationAwareSlf4JLogger#trace(String,Object,Object):void	ad56dc6878e9c32311f2	413	891	1315	257
METHOD_EXIT	io.netty.util.internal.logging.LocationAwareSlf4JLogger#trace(String,Object):void	be96bf6de5409c7bf57a	455	885	1351	297
METHOD_ENTRY	io.netty.util.internal.logging.LocationAwareSlf4JLogger#trace(String,Object):void	15f183cef77df2d0d15f	413	874	1298	155
METHOD_ENTRY	io.netty.util.internal.logging.LocationAwareSlf4JLogger#trace(String,Throwable):void	a5bad9dc05bfd8b862d3	413	867	1291	298
METHOD_EXIT	io.netty.util.internal.logging.LocationAwareSlf4JLogger#trace(String,Throwable):void	6a52831444a74bcf0266	455	878	1344	233
METHOD_EXIT	io.netty.util.internal.logging.LocationAwareSlf4JLogger#log(int,org.slf4j.helpers.FormattingTuple):void	93ae16ec3e42441d5917	455	896	1362	236
METHOD_ENTRY	io.netty.util.internal.logging.LocationAwareSlf4JLogger#isDebugEnabled():boolean	b54a421f4a62cbb3dc5c	413	843	1267	249
METHOD_ENTRY	io.netty.util.internal.logging.LocationAwareSlf4JLogger#debug(String):void	e8215a745bbe65dc2f41	413	854	1278	228
METHOD_EXIT	io.netty.util.internal.logging.LocationAwareSlf4JLogger#isDebugEnabled():boolean	1d16c101e349432fdf38	455	917	1383	228
METHOD_EXIT	io.netty.util.internal.logging.LocationAwareSlf4JLogger#debug(String):void	e8b773325b561309d353	455	865	1331	274
METHOD_EXIT	io.netty.util.internal.logging.LocationAwareSlf4JLogger#debug(String,Object):void	40610d42e7ac5ba75f2b	455	884	1350	265
METHOD_ENTRY	io.netty.util.internal.logging.LocationAwareSlf4JLogger#debug(String,Object):void	74e866ec5e1f17bcce32	413	873	1297	252
METHOD_EXIT	io.netty.util.internal.logging.LocationAwareSlf4JLogger#debug(String,Object,Object):void	edf9d95ce9a5ee0268bd	455	901	1367	297
METHOD_ENTRY	io.netty.util.internal.logging.LocationAwareSlf4JLogger#debug(String,Object):void	74e866ec5e1f17bcce32	413	873	1297	252
METHOD_ENTRY	io.netty.util.internal.logging.LocationAwareSlf4JLogger#debug(String,Throwable):void	d0b1942060e4c9efccd2	413	866	1290	272
METHOD_EXIT	io.netty.util.internal.logging.LocationAwareSlf4JLogger#debug(String,Object):void	40610d42e7ac5ba75f2b	455	884	1350	265
METHOD_EXIT	io.netty.util.internal.logging.LocationAwareSlf4JLogger#trace(String,Object,Object):void	d0903b374f4c39675c54	455	902	1368	269
METHOD_EXIT	io.netty.util.internal.logging.LocationAwareSlf4JLogger#debug(String,Throwable):void	e92b03cab81928e4f68c	455	877	1343	211
METHOD_ENTRY	io.netty.util.internal.logging.LocationAwareSlf4JLogger#isInfoEnabled():boolean	f92dbecc590d13345ef5	413	843	1267	273
METHOD_EXIT	io.netty.util.internal.logging.LocationAwareSlf4JLogger#isInfoEnabled():boolean	04c61e1a518059152d20	455	917	1383	142
METHOD_ENTRY	io.netty.util.internal.logging.LocationAwareSlf4JLogger#info(String):void	0ca678d58c786c46d3ba	413	854	1278	149
METHOD_EXIT	io.netty.util.internal.logging.LocationAwareSlf4JLogger#info(String):void	8398dcd7f5ecf9fb8095	455	865	1331	261
METHOD_ENTRY	io.netty.util.internal.logging.LocationAwareSlf4JLogger#info(String,Object):void	960b3549fda2ecdcdf41	413	873	1297	243
METHOD_ENTRY	io.netty.util.internal.logging.LocationAwareSlf4JLogger#info(String,Object,Object):void	3473ae8627cfb0a4fb11	413	890	1314	224
METHOD_ENTRY	io.netty.util.internal.logging.LocationAwareSlf4JLogger#debug(String,Object,Object):void	2174bab7d4b3047d3851	413	890	1314	248
METHOD_ENTRY	io.netty.util.internal.logging.LocationAwareSlf4JLogger#info(String,Object):void	960b3549fda2ecdcdf41	413	873	1297	243
METHOD_EXIT	io.netty.util.internal.logging.LocationAwareSlf4JLogger#info(String,Object,Object):void	e1dbd5d2fa4489122180	455	901	1367	324
METHOD_EXIT	io.netty.util.internal.logging.LocationAwareSlf4JLogger#info(String,Object):void	69226440e9d2cac5d037	455	884	1350	262
METHOD_ENTRY	io.netty.util.internal.logging.LocationAwareSlf4JLogger#info(String,Throwable):void	032c8b00bbf6472c0eaa	413	866	1290	227
METHOD_ENTRY	io.netty.util.internal.logging.LocationAwareSlf4JLogger#isWarnEnabled():boolean	22667e5644efba129b87	413	843	1267	260
METHOD_ENTRY	io.netty.util.internal.logging.LocationAwareSlf4JLogger#warn(String):void	96de4273f603a912710f	413	855	1279	148
METHOD_EXIT	io.netty.util.internal.logging.LocationAwareSlf4JLogger#warn(String):void	33dad2ea88f7882f0021	455	866	1332	245
METHOD_ENTRY	io.netty.util.internal.logging.LocationAwareSlf4JLogger#warn(String,Object):void	98e5f4cad7506c025019	413	874	1298	202
METHOD_EXIT	io.netty.util.internal.logging.LocationAwareSlf4JLogger#warn(String,Object):void	df476b78a25930af065b	455	885	1351	312
METHOD_ENTRY	io.netty.util.internal.logging.LocationAwareSlf4JLogger#warn(String,Object):void	98e5f4cad7506c025019	413	874	1298	202
METHOD_EXIT	io.netty.util.internal.logging.LocationAwareSlf4JLogger#warn(String,Object):void	df476b78a25930af065b	455	885	1351	312
METHOD_EXIT	io.netty.util.internal.logging.LocationAwareSlf4JLogger#info(String,Object):void	69226440e9d2cac5d037	455	884	1350	262
METHOD_ENTRY	io.netty.util.internal.logging.LocationAwareSlf4JLogger#warn(String,Object,Object):void	8eee5c3a07d128e7b55c	413	891	1315	272
METHOD_EXIT	io.netty.util.internal.logging.LocationAwareSlf4JLogger#warn(String,Object,Object):void	d9d43c4fc830c590b2fe	455	902	1368	275
METHOD_ENTRY	io.netty.util.internal.logging.LocationAwareSlf4JLogger#warn(String,Throwable):void	04f8ec4fc0d33f2d7196	413	867	1291	252
METHOD_EXIT	io.netty.util.internal.logging.LocationAwareSlf4JLogger#info(String,Throwable):void	6242bd9ded3170963a53	455	877	1343	303
METHOD_EXIT	io.netty.util.internal.logging.LocationAwareSlf4JLogger#warn(String,Throwable):void	c852a2e18d07f0239c0f	455	878	1344	267
METHOD_ENTRY	io.netty.util.internal.logging.LocationAwareSlf4JLogger#isErrorEnabled():boolean	ab439fd3dee1d433829c	413	843	1267	38
METHOD_ENTRY	io.netty.util.internal.logging.LocationAwareSlf4JLogger#error(String):void	27ca664f8cbf1418d07b	413	853	1277	226
METHOD_EXIT	io.netty.util.internal.logging.LocationAwareSlf4JLogger#error(String):void	38a1e26d495f3402ad20	455	864	1330	257
METHOD_ENTRY	io.netty.util.internal.logging.LocationAwareSlf4JLogger#error(String,Object):void	22adf041ba7377d0faec	413	872	1296	253
METHOD_EXIT	io.netty.util.internal.logging.LocationAwareSlf4JLogger#isWarnEnabled():boolean	fd56ed8df2b808df9513	455	917	1383	257
METHOD_ENTRY	io.netty.util.internal.logging.LocationAwareSlf4JLogger#error(String,Object,Object):void	1fc90288bfdd86d2a4e7	413	889	1313	300
METHOD_EXIT	io.netty.util.internal.logging.LocationAwareSlf4JLogger#error(String,Object):void	5eaaf5206340c0ac1f72	455	883	1349	228
METHOD_EXIT	io.netty.util.internal.logging.LocationAwareSlf4JLogger#error(String,Object,Object):void	2e9b519dc7e682323053	455	900	1366	266
METHOD_EXIT	io.netty.util.internal.logging.LocationAwareSlf4JLogger#error(String,Object):void	5eaaf5206340c0ac1f72	455	883	1349	228
METHOD_ENTRY	io.netty.util.internal.logging.LocationAwareSlf4JLogger#error(String,Object):void	22adf041ba7377d0faec	413	872	1296	253
METHOD_EXIT	io.netty.util.internal.logging.Slf4JLogger#trace(String):void	77687ecea0dbdee99bab	455	776	1242	273
METHOD_ENTRY	io.netty.util.internal.logging.Slf4JLogger#trace(String):void	74fcbfccd6c9db373716	413	765	1189	280
METHOD_ENTRY	io.netty.util.internal.logging.Slf4JLogger#isTraceEnabled():boolean	99ed815d81a9a8a16767	413	766	1190	248
METHOD_ENTRY	io.netty.util.internal.logging.LocationAwareSlf4JLogger#error(String,Throwable):void	8243af40a640b70de256	413	865	1289	233
METHOD_EXIT	io.netty.util.internal.logging.Slf4JLogger#isTraceEnabled():boolean	8bc56cab89562c02dd68	455	840	1306	249
METHOD_ENTRY	io.netty.util.internal.logging.Slf4JLogger#trace(String,Object):void	6a50f8729cd1d9db6ea3	413	776	1200	215
METHOD_EXIT	io.netty.util.internal.logging.LocationAwareSlf4JLogger#isErrorEnabled():boolean	7db3bd22d4bacede2598	455	917	1383	43
METHOD_EXIT	io.netty.util.internal.logging.LocationAwareSlf4JLogger#error(String,Throwable):void	c91023cc5d94e3324794	455	876	1342	216
METHOD_EXIT	io.netty.util.internal.logging.Slf4JLogger#trace(String,Object,Object):void	aeaed32576af3b7048cf	455	804	1270	283
METHOD_ENTRY	io.netty.util.internal.logging.Slf4JLogger#trace(String,Object,Object):void	4c0e62efdc1de246c016	413	793	1217	241
METHOD_EXIT	io.netty.util.internal.logging.Slf4JLogger#trace(String,Object):void	6f7dcc454d137b1876a9	455	787	1253	245
METHOD_EXIT	io.netty.util.internal.logging.Slf4JLogger#trace(String,Object):void	6f7dcc454d137b1876a9	455	787	1253	245
METHOD_ENTRY	io.netty.util.internal.logging.Slf4JLogger#trace(String,Throwable):void	5358dcd2dccef32a7d6a	413	777	1201	234
METHOD_EXIT	io.netty.util.internal.logging.Slf4JLogger#isDebugEnabled():boolean	ba0e9fec51ad77988119	455	840	1306	97
METHOD_ENTRY	io.netty.util.internal.logging.Slf4JLogger#debug(String):void	80f31c08f93a05b5bdb3	413	765	1189	173
METHOD_EXIT	io.netty.util.internal.logging.Slf4JLogger#debug(String):void	16f8745a4a3ca783b752	455	776	1242	131
METHOD_ENTRY	io.netty.util.internal.logging.Slf4JLogger#trace(String,Object):void	6a50f8729cd1d9db6ea3	413	776	1200	215
METHOD_EXIT	io.netty.util.internal.logging.Slf4JLogger#debug(String,Object):void	66ffecd4e1257bca0591	455	787	1253	245
METHOD_ENTRY	io.netty.util.internal.logging.Slf4JLogger#debug(String,Object):void	bdbef0e5d1f98e7c6527	413	776	1200	218
METHOD_EXIT	io.netty.util.internal.logging.Slf4JLogger#trace(String,Throwable):void	d37d1b654d1545f25498	455	788	1254	293
METHOD_ENTRY	io.netty.util.internal.logging.Slf4JLogger#debug(String,Object):void	bdbef0e5d1f98e7c6527	413	776	1200	218
METHOD_ENTRY	io.netty.util.internal.logging.Slf4JLogger#debug(String,Object,Object):void	c104e3db2bda9257de28	413	793	1217	255
METHOD_EXIT	io.netty.util.internal.logging.Slf4JLogger#debug(String,Object,Object):void	28a851a1049eb2083cbb	455	804	1270	296
METHOD_EXIT	io.netty.util.internal.logging.Slf4JLogger#debug(String,Object):void	66ffecd4e1257bca0591	455	787	1253	245
METHOD_ENTRY	io.netty.util.internal.logging.Slf4JLogger#debug(String,Throwable):void	426251f405fa46b06ddc	413	777	1201	221
METHOD_EXIT	io.netty.util.internal.logging.Slf4JLogger#debug(String,Throwable):void	b8ac96ed7b2f268799bb	455	788	1254	249
METHOD_EXIT	io.netty.util.internal.logging.Slf4JLogger#isInfoEnabled():boolean	8c798a1187ce6c5e56e0	455	840	1306	362
METHOD_EXIT	io.netty.util.internal.logging.Slf4JLogger#info(String):void	bb4da0e9a4ad4bc5f33f	455	776	1242	198
METHOD_ENTRY	io.netty.util.internal.logging.Slf4JLogger#info(String,Object):void	37372657809dee1643a4	413	776	1200	289
METHOD_ENTRY	io.netty.util.internal.logging.Slf4JLogger#info(String):void	1277c378c7805c66a586	413	765	1189	235
METHOD_ENTRY	io.netty.util.internal.logging.Slf4JLogger#isDebugEnabled():boolean	c57c0bdbaf5a4fe8a061	413	766	1190	272
METHOD_EXIT	io.netty.util.internal.logging.Slf4JLogger#info(String,Object):void	2f870d2f4657283c2f14	455	787	1253	260
METHOD_ENTRY	io.netty.util.internal.logging.Slf4JLogger#info(String,Object,Object):void	4717c931d644a504329c	413	793	1217	270
METHOD_EXIT	io.netty.util.internal.logging.Slf4JLogger#info(String,Object,Object):void	f2dfb0882c624e0a0203	455	804	1270	323
METHOD_ENTRY	io.netty.util.internal.logging.Slf4JLogger#info(String,Object):void	37372657809dee1643a4	413	776	1200	289
METHOD_EXIT	io.netty.util.internal.logging.Slf4JLogger#info(String,Object):void	2f870d2f4657283c2f14	455	787	1253	260
METHOD_ENTRY	io.netty.util.internal.logging.Slf4JLogger#info(String,Throwable):void	673afb75c7e06016d49f	413	777	1201	244
METHOD_ENTRY	io.netty.util.internal.logging.Slf4JLogger#isWarnEnabled():boolean	132011079e87674e9682	413	766	1190	259
METHOD_EXIT	io.netty.util.internal.logging.Slf4JLogger#isWarnEnabled():boolean	776ce8d73ff35eafafc0	455	840	1306	340
METHOD_ENTRY	io.netty.util.internal.logging.Slf4JLogger#isInfoEnabled():boolean	73a733725affa00dd15d	413	766	1190	276
METHOD_ENTRY	io.netty.util.internal.logging.Slf4JLogger#warn(String):void	0e86c72e1fcf193baea7	413	765	1189	120
METHOD_EXIT	io.netty.util.internal.logging.Slf4JLogger#warn(String):void	1451b7b1751bcb97d962	455	776	1242	278
METHOD_EXIT	io.netty.util.internal.logging.Slf4JLogger#warn(String,Object):void	a80c3d5eac5c405bcc52	455	787	1253	274
METHOD_ENTRY	io.netty.util.internal.logging.Slf4JLogger#warn(String,Object):void	118f206603e4b1921149	413	776	1200	240
METHOD_ENTRY	io.netty.util.internal.logging.Slf4JLogger#warn(String,Object):void	118f206603e4b1921149	413	776	1200	240
METHOD_EXIT	io.netty.util.internal.logging.Slf4JLogger#warn(String,Object):void	a80c3d5eac5c405bcc52	455	787	1253	274
METHOD_EXIT	io.netty.util.internal.logging.Slf4JLogger#warn(String,Object,Object):void	8aca946f793a119a4014	455	804	1270	352
METHOD_EXIT	io.netty.util.internal.logging.Slf4JLogger#warn(String,Throwable):void	e3ca47b97c4ee94943d8	455	788	1254	283
METHOD_ENTRY	io.netty.util.internal.logging.Slf4JLogger#warn(String,Throwable):void	56c42bb11bf227e1103b	413	777	1201	268
METHOD_ENTRY	io.netty.util.internal.logging.Slf4JLogger#isErrorEnabled():boolean	d6d732fba62b35eeb073	413	766	1190	290
METHOD_EXIT	io.netty.util.internal.logging.Slf4JLogger#isErrorEnabled():boolean	51141acf6a1f0a251d3b	455	840	1306	95
METHOD_ENTRY	io.netty.util.internal.logging.Slf4JLogger#error(String):void	828024acd45c4b626f97	413	764	1188	201
METHOD_EXIT	io.netty.util.internal.logging.Slf4JLogger#info(String,Throwable):void	e1aa0df0e762719a9732	455	788	1254	311
METHOD_ENTRY	io.netty.util.internal.logging.Slf4JLogger#error(String,Object):void	f7ed19104e6c69750bc3	413	775	1199	229
METHOD_EXIT	io.netty.util.internal.logging.Slf4JLogger#error(String,Object):void	65a82a320aaea44e5885	455	786	1252	267
METHOD_ENTRY	io.netty.util.internal.logging.Slf4JLogger#error(String,Object,Object):void	dd6d7692984c5b52e53c	413	792	1216	204
METHOD_ENTRY	io.netty.util.internal.logging.Slf4JLogger#error(String,Object):void	f7ed19104e6c69750bc3	413	775	1199	229
METHOD_EXIT	io.netty.util.internal.logging.Slf4JLogger#error(String,Object,Object):void	6d6677df2817b1483edb	455	803	1269	258
METHOD_EXIT	io.netty.util.internal.logging.Slf4JLogger#error(String):void	1e797cb4f5167bf6ea68	455	775	1241	243
METHOD_ENTRY	io.netty.util.internal.logging.JdkLoggerFactory#newInstance(String):InternalLogger	a0cd3a88eaef2c80f1b0	413	468	892	156
METHOD_EXIT	io.netty.util.internal.logging.JdkLoggerFactory#newInstance(String):InternalLogger	3cd5e884457e1eb9b15c	455	546	1012	246
METHOD_ENTRY	io.netty.util.internal.logging.Slf4JLogger#error(String,Throwable):void	3cd420936cbb4b1072bd	413	776	1200	256
METHOD_EXIT	io.netty.util.internal.logging.Slf4JLogger#error(String,Throwable):void	4dc2eb98a75249f0d817	455	787	1253	255
METHOD_EXIT	io.netty.util.internal.logging.Slf4JLogger#error(String,Object):void	65a82a320aaea44e5885	455	786	1252	267
METHOD_ENTRY	io.netty.util.internal.logging.Slf4JLogger#warn(String,Object,Object):void	ac37a2435403873ba59e	413	793	1217	299
METHOD_ENTRY	io.netty.util.internal.logging.MessageFormatter#format(String,Object):FormattingTuple	5f38e0bf6c585c2f9cdf	413	1450	1874	206
METHOD_EXIT	io.netty.util.internal.logging.MessageFormatter#format(String,Object):FormattingTuple	12f7c742f9df29fb85b2	455	1528	1994	290
METHOD_EXIT	io.netty.util.internal.logging.MessageFormatter#format(String,Object,Object):FormattingTuple	ff93ad77bb48c0d0fff3	455	1547	2013	339
METHOD_ENTRY	io.netty.util.internal.logging.MessageFormatter#format(String,Object,Object):FormattingTuple	8f552c73a6316f119a3a	413	1469	1893	286
METHOD_ENTRY	io.netty.util.internal.logging.MessageFormatter#arrayFormat(String,Object[]):FormattingTuple	7f333ebd9d98935d86cf	413	1850	2274	346
METHOD_EXIT	io.netty.util.internal.logging.MessageFormatter#arrayFormat(String,Object[]):FormattingTuple	517988523abfb27606b0	455	1928	2394	366
METHOD_EXIT	io.netty.util.internal.logging.MessageFormatter#safeObjectAppend(StringBuilder,Object):void	f41a086f543e8ac7b5dc	455	1538	2004	381
METHOD_ENTRY	io.netty.util.internal.logging.MessageFormatter#safeObjectAppend(StringBuilder,Object):void	c7ae95cf2e6464a7b14b	413	1527	1951	276
METHOD_ENTRY	io.netty.util.internal.logging.MessageFormatter#objectArrayAppend(StringBuilder,Object[],Set<Object[]>):void	02591a7ce641890f8ef0	413	1586	2010	316
METHOD_EXIT	io.netty.util.internal.logging.MessageFormatter#objectArrayAppend(StringBuilder,Object[],Set<Object[]>):void	1a36660c42d8ea369392	455	1597	2063	280
METHOD_ENTRY	io.netty.util.internal.logging.MessageFormatter#booleanArrayAppend(StringBuilder,boolean[]):void	400c89c39263bf97eb28	413	1500	1924	503
METHOD_EXIT	io.netty.util.internal.logging.MessageFormatter#booleanArrayAppend(StringBuilder,boolean[]):void	fdc119a08ecf60ea5ebf	455	1511	1977	305
METHOD_ENTRY	io.netty.util.internal.logging.MessageFormatter#byteArrayAppend(StringBuilder,byte[]):void	14b47e4d2cdadc9e6100	413	1500	1924	159
METHOD_ENTRY	io.netty.util.internal.logging.MessageFormatter#charArrayAppend(StringBuilder,char[]):void	09d6a8319a2a90ee0b6b	413	1499	1923	267
METHOD_EXIT	io.netty.util.internal.logging.MessageFormatter#byteArrayAppend(StringBuilder,byte[]):void	3603b787cd67b32129f6	455	1511	1977	346
METHOD_ENTRY	io.netty.util.internal.logging.MessageFormatter#shortArrayAppend(StringBuilder,short[]):void	3233088aa2fd7470ba00	413	1500	1924	132
METHOD_EXIT	io.netty.util.internal.logging.MessageFormatter#charArrayAppend(StringBuilder,char[]):void	a52058201ee8b4fc9a4d	455	1510	1976	372
METHOD_EXIT	io.netty.util.internal.logging.MessageFormatter#shortArrayAppend(StringBuilder,short[]):void	5fa65e040a5e7c8fdf7d	455	1511	1977	316
METHOD_ENTRY	io.netty.util.internal.logging.MessageFormatter#intArrayAppend(StringBuilder,int[]):void	8d850415c98e42257a3a	413	1499	1923	245
METHOD_EXIT	io.netty.util.internal.logging.MessageFormatter#intArrayAppend(StringBuilder,int[]):void	e8b8670823c3256e6410	455	1510	1976	340
METHOD_ENTRY	io.netty.util.internal.logging.MessageFormatter#deeplyAppendParameter(StringBuilder,Object,Set<Object[]>):void	c836c2d1fe83dbbc7c17	413	1918	2342	271
METHOD_EXIT	io.netty.util.internal.logging.MessageFormatter#longArrayAppend(StringBuilder,long[]):void	2de35272411ea8afc983	455	1510	1976	281
METHOD_ENTRY	io.netty.util.internal.logging.MessageFormatter#longArrayAppend(StringBuilder,long[]):void	f37cf675c25e2564510c	413	1499	1923	224
METHOD_EXIT	io.netty.util.internal.logging.MessageFormatter#floatArrayAppend(StringBuilder,float[]):void	5eac268598fe22b3ebc4	455	1510	1976	359
METHOD_EXIT	io.netty.util.internal.logging.CommonsLoggerFactory#newInstance(String):InternalLogger	f344751b88303b5adbb0	455	571	1037	308
METHOD_ENTRY	io.netty.util.internal.logging.MessageFormatter#floatArrayAppend(StringBuilder,float[]):void	850ec8f8020d1db16c87	413	1499	1923	225
METHOD_EXIT	io.netty.util.internal.logging.MessageFormatter#deeplyAppendParameter(StringBuilder,Object,Set<Object[]>):void	54ff43c55c979900d648	455	1929	2395	428
METHOD_EXIT	io.netty.util.internal.logging.MessageFormatter#doubleArrayAppend(StringBuilder,double[]):void	47a678ec3950da5f10bf	455	1510	1976	326
METHOD_ENTRY	io.netty.util.internal.logging.MessageFormatter#doubleArrayAppend(StringBuilder,double[]):void	54c5e4956c96a405d9ad	413	1499	1923	243
METHOD_ENTRY	io.netty.util.internal.logging.CommonsLogger#isTraceEnabled():boolean	aeb8edfe08a1aa85a2dc	413	2121	2545	247
METHOD_EXIT	io.netty.util.internal.logging.CommonsLogger#isTraceEnabled():boolean	72537a7018b0fffda9b3	455	2195	2661	229
METHOD_ENTRY	io.netty.util.internal.logging.CommonsLogger#trace(String):void	e053841810e839194897	413	2120	2544	270
METHOD_EXIT	io.netty.util.internal.logging.CommonsLogger#trace(String):void	683a94b6c56184dadeb8	455	2131	2597	249
METHOD_ENTRY	io.netty.util.internal.logging.CommonsLoggerFactory#newInstance(String):InternalLogger	78e0b921c942092138eb	413	493	917	352
METHOD_ENTRY	io.netty.util.internal.logging.CommonsLogger#trace(String,Object,Object):void	f177d785ccd621e0dbce	413	2175	2599	293
METHOD_EXIT	io.netty.util.internal.logging.CommonsLogger#trace(String,Object):void	0f06ba134b577478b884	455	2169	2635	254
METHOD_ENTRY	io.netty.util.internal.logging.CommonsLogger#trace(String,Object):void	8fc7a79eb0d490c519cb	413	2158	2582	128
METHOD_EXIT	io.netty.util.internal.logging.CommonsLogger#trace(String,Object):void	0f06ba134b577478b884	455	2169	2635	254
METHOD_EXIT	io.netty.util.internal.logging.CommonsLogger#trace(String,Object,Object):void	8f4348e9d45c7cc0f6fd	455	2186	2652	281
METHOD_ENTRY	io.netty.util.internal.logging.CommonsLogger#trace(String,Throwable):void	8ff5604759b94c58b01c	413	2132	2556	231
METHOD_EXIT	io.netty.util.internal.logging.CommonsLogger#isDebugEnabled():boolean	4ec9a9a04af09429812f	455	2195	2661	214
METHOD_ENTRY	io.netty.util.internal.logging.CommonsLogger#isDebugEnabled():boolean	c35cc916c1568eba571e	413	2121	2545	295
METHOD_EXIT	io.netty.util.internal.logging.CommonsLogger#debug(String):void	f42ec25739088a1873a2	455	2131	2597	286
METHOD_ENTRY	io.netty.util.internal.logging.CommonsLogger#debug(String,Object):void	eab743b216b969180d16	413	2158	2582	105
METHOD_ENTRY	io.netty.util.internal.logging.CommonsLogger#debug(String):void	8c2b4fdc75b817176b2f	413	2120	2544	226
METHOD_EXIT	io.netty.util.internal.logging.CommonsLogger#debug(String,Object):void	40bce1f09bba59dbb4a1	455	2169	2635	247
METHOD_ENTRY	io.netty.util.internal.logging.CommonsLogger#trace(String,Object):void	8fc7a79eb0d490c519cb	413	2158	2582	128
METHOD_ENTRY	io.netty.util.internal.logging.CommonsLogger#debug(String,Object,Object):void	a31a4d84c1eb17c4445e	413	2175	2599	274
METHOD_ENTRY	io.netty.util.internal.logging.CommonsLogger#debug(String,Object):void	eab743b216b969180d16	413	2158	2582	105
METHOD_EXIT	io.netty.util.internal.logging.CommonsLogger#debug(String,Object,Object):void	a3af1f609c4bfcb8abbb	455	2186	2652	345
METHOD_EXIT	io.netty.util.internal.logging.CommonsLogger#debug(String,Object):void	40bce1f09bba59dbb4a1	455	2169	2635	247
METHOD_ENTRY	io.netty.util.internal.logging.CommonsLogger#debug(String,Throwable):void	92380da97b9e3eab5241	413	2132	2556	212
METHOD_EXIT	io.netty.util.internal.logging.CommonsLogger#debug(String,Throwable):void	c5fb57f5fc34101d8442	455	2143	2609	264
METHOD_EXIT	io.netty.util.internal.logging.CommonsLogger#isInfoEnabled():boolean	828e25d06bd55d934116	455	2195	2661	152
METHOD_ENTRY	io.netty.util.internal.logging.CommonsLogger#info(String):void	f75b1fd4d4439f8db7ea	413	2120	2544	203
METHOD_EXIT	io.netty.util.internal.logging.CommonsLogger#info(String):void	92ef458dc921cbdb2a29	455	2131	2597	257
METHOD_EXIT	io.netty.util.internal.logging.CommonsLogger#info(String,Object):void	af2da8e0f4e4b5bb3484	455	2169	2635	282
METHOD_ENTRY	io.netty.util.internal.logging.CommonsLogger#info(String,Object,Object):void	c64b79f0ba86e695ee51	413	2175	2599	274
METHOD_ENTRY	io.netty.util.internal.logging.CommonsLogger#info(String,Object):void	f6960dedc7f1a349f502	413	2158	2582	303
METHOD_EXIT	io.netty.util.internal.logging.CommonsLogger#trace(String,Throwable):void	93042ef250139da4e356	455	2143	2609	225
METHOD_EXIT	io.netty.util.internal.logging.CommonsLogger#info(String,Object,Object):void	358b091702dd6f8d6c08	455	2186	2652	300
METHOD_ENTRY	io.netty.util.internal.logging.CommonsLogger#info(String,Object):void	f6960dedc7f1a349f502	413	2158	2582	303
METHOD_EXIT	io.netty.util.internal.logging.CommonsLogger#info(String,Object):void	af2da8e0f4e4b5bb3484	455	2169	2635	282
METHOD_ENTRY	io.netty.util.internal.logging.CommonsLogger#info(String,Throwable):void	7d7349dd5f23ecb09eb9	413	2132	2556	236
METHOD_EXIT	io.netty.util.internal.logging.CommonsLogger#info(String,Throwable):void	2937d3a47bfc6d197131	455	2143	2609	212
METHOD_ENTRY	io.netty.util.internal.logging.CommonsLogger#isWarnEnabled():boolean	5bc4f4e14f7d42eb239c	413	2121	2545	288
METHOD_ENTRY	io.netty.util.internal.logging.CommonsLogger#isInfoEnabled():boolean	3ffb8828f86e29e64d5a	413	2121	2545	253
METHOD_EXIT	io.netty.util.internal.logging.CommonsLogger#warn(String):void	921d097e87473a435a0f	455	2131	2597	206
METHOD_ENTRY	io.netty.util.internal.logging.CommonsLogger#warn(String,Object):void	75bf0605b47d01febf89	413	2158	2582	235
METHOD_EXIT	io.netty.util.internal.logging.CommonsLogger#warn(String,Object):void	250c21e70fed273bf9d3	455	2169	2635	230
METHOD_EXIT	io.netty.util.internal.logging.CommonsLogger#isWarnEnabled():boolean	c35e4fd4c6c761be4115	455	2195	2661	170
METHOD_ENTRY	io.netty.util.internal.logging.CommonsLogger#warn(String,Object,Object):void	6eb9957fdec01e01fa45	413	2175	2599	243
METHOD_ENTRY	io.netty.util.internal.logging.CommonsLogger#warn(String,Object):void	75bf0605b47d01febf89	413	2158	2582	235
METHOD_EXIT	io.netty.util.internal.logging.CommonsLogger#warn(String,Object):void	250c21e70fed273bf9d3	455	2169	2635	230
METHOD_EXIT	io.netty.util.internal.logging.CommonsLogger#warn(String,Object,Object):void	13005b2929400c5a1d84	455	2186	2652	317
METHOD_ENTRY	io.netty.util.internal.logging.CommonsLogger#warn(String):void	b7cdbe71b12e2f36ba3b	413	2120	2544	272
METHOD_ENTRY	io.netty.util.internal.logging.CommonsLogger#warn(String,Throwable):void	51a13dc27bdd3a15d865	413	2132	2556	234
METHOD_EXIT	io.netty.util.internal.logging.CommonsLogger#warn(String,Throwable):void	c424e362f28ceebe87d0	455	2143	2609	280
METHOD_EXIT	io.netty.util.internal.logging.CommonsLogger#error(String):void	408491b94cfc0366bd10	455	2130	2596	186
METHOD_ENTRY	io.netty.util.internal.logging.CommonsLogger#error(String,Object):void	23b37024fbacd3149646	413	2157	2581	196
METHOD_EXIT	io.netty.util.internal.logging.CommonsLogger#isErrorEnabled():boolean	d9a614b83fbb38a80eb4	455	2195	2661	259
METHOD_ENTRY	io.netty.util.internal.logging.CommonsLogger#error(String,Object,Object):void	91ea78058683a97fedd8	413	2174	2598	265
METHOD_EXIT	io.netty.util.internal.logging.CommonsLogger#error(String,Object,Object):void	fa5071a1960086b075c6	455	2185	2651	331
METHOD_ENTRY	io.netty.util.internal.logging.CommonsLogger#isErrorEnabled():boolean	96c84c52edbbeb70c246	413	2121	2545	109
METHOD_ENTRY	io.netty.util.internal.logging.CommonsLogger#error(String):void	0fffa9abec6693d8c9c8	413	2119	2543	256
METHOD_ENTRY	io.netty.util.internal.logging.Log4JLoggerFactory#newInstance(String):InternalLogger	46f35021263f4d134a6e	413	469	893	257
METHOD_EXIT	io.netty.util.internal.logging.CommonsLogger#error(String,Object):void	5a78c48701084edb0c81	455	2168	2634	264
METHOD_ENTRY	io.netty.util.internal.logging.CommonsLogger#error(String,Object):void	23b37024fbacd3149646	413	2157	2581	196
METHOD_EXIT	io.netty.util.internal.logging.Log4JLoggerFactory#newInstance(String):InternalLogger	c727983c4918f12be610	455	547	1013	299
METHOD_EXIT	io.netty.util.internal.logging.CommonsLogger#error(String,Object):void	5a78c48701084edb0c81	455	2168	2634	264
METHOD_ENTRY	io.netty.util.internal.logging.Slf4JLoggerFactory#wrapLogger(Logger):InternalLogger	7e3338aa87a0cd34b50f	413	506	930	233
METHOD_EXIT	io.netty.util.internal.logging.Slf4JLoggerFactory#newInstance(String):InternalLogger	2ded4ed196cb5b450dc8	455	565	1031	188
METHOD_ENTRY	io.netty.util.internal.logging.Slf4JLoggerFactory#newInstance(String):InternalLogger	47001667df599b6d1970	413	487	911	210
METHOD_ENTRY	io.netty.util.internal.logging.CommonsLogger#error(String,Throwable):void	db2477e0c5ae8a5f94dc	413	2131	2555	248
METHOD_EXIT	io.netty.util.internal.logging.Slf4JLoggerFactory#wrapLogger(Logger):InternalLogger	a0f26e5c96ce15904e06	455	584	1050	342
METHOD_EXIT	io.netty.util.internal.logging.FormattingTuple#getMessage():String	aa26bb3998bbf518ce18	455	511	977	140
METHOD_ENTRY	io.netty.util.internal.logging.FormattingTuple#getMessage():String	360cf169945c78513b97	413	437	861	172
METHOD_ENTRY	io.netty.util.internal.logging.FormattingTuple#getThrowable():Throwable	3b5e1bf9a85a41fc3725	413	437	861	108
METHOD_EXIT	io.netty.util.internal.logging.CommonsLogger#error(String,Throwable):void	86a3a0d509b369069c89	455	2142	2608	213
METHOD_EXIT	io.netty.util.internal.logging.FormattingTuple#getThrowable():Throwable	f4f2c31810170503077e	455	511	977	115
METHOD_EXIT	io.netty.util.internal.logging.Slf4JLoggerFactory#getInstanceWithNopCheck():InternalLoggerFactory	ebd8c2e5259da39a98ae	455	565	1031	125
METHOD_ENTRY	io.netty.util.internal.logging.Slf4JLoggerFactory#getInstanceWithNopCheck():InternalLoggerFactory	6a795fc382c82d6bf86b	413	489	913	112
METHOD_ENTRY	io.netty.util.internal.logging.AbstractInternalLogger#name():String	8792e8e5ec736ffd5a28	413	649	1073	156
METHOD_ENTRY	io.netty.util.internal.logging.AbstractInternalLogger#isEnabled(InternalLogLevel):boolean	2bbeec3e0eaeeedbf4a9	413	734	1158	204
METHOD_EXIT	io.netty.util.internal.logging.AbstractInternalLogger#name():String	df038b41d5d0f1a89051	455	723	1189	246
METHOD_ENTRY	io.netty.util.internal.logging.AbstractInternalLogger#trace(Throwable):void	68cc2e818bff776f2a21	413	658	1082	245
METHOD_EXIT	io.netty.util.internal.logging.AbstractInternalLogger#isEnabled(InternalLogLevel):boolean	b920055d199c02ca8a98	455	811	1277	421
METHOD_EXIT	io.netty.util.internal.logging.AbstractInternalLogger#trace(Throwable):void	9fd8920bcfa77cd76641	455	669	1135	135
METHOD_ENTRY	io.netty.util.internal.logging.AbstractInternalLogger#debug(Throwable):void	7129abf7ab5de7ff5dc4	413	658	1082	231
METHOD_EXIT	io.netty.util.internal.logging.AbstractInternalLogger#info(Throwable):void	2c603f685091d1b7344d	455	669	1135	307
METHOD_EXIT	io.netty.util.internal.logging.AbstractInternalLogger#debug(Throwable):void	4c98b41aeef86ad06517	455	669	1135	309
METHOD_ENTRY	io.netty.util.internal.logging.AbstractInternalLogger#warn(Throwable):void	4b3eeab710faf8f68ec1	413	658	1082	194
METHOD_EXIT	io.netty.util.internal.logging.AbstractInternalLogger#warn(Throwable):void	5821dc23d1f9c3147aca	455	669	1135	279
METHOD_ENTRY	io.netty.util.internal.logging.AbstractInternalLogger#info(Throwable):void	210ee11238b7ea836f10	413	658	1082	213
METHOD_EXIT	io.netty.util.internal.logging.AbstractInternalLogger#error(Throwable):void	de41bcd34ebe56bf0eed	455	668	1134	270
METHOD_ENTRY	io.netty.util.internal.logging.AbstractInternalLogger#log(InternalLogLevel,String,Throwable):void	9290e3025d70d4b31d0c	413	766	1190	367
METHOD_ENTRY	io.netty.util.internal.logging.AbstractInternalLogger#error(Throwable):void	985e85cd214881a7214f	413	657	1081	233
METHOD_EXIT	io.netty.util.internal.logging.AbstractInternalLogger#log(InternalLogLevel,String,Throwable):void	4fc3337b1c836f8a62d4	455	777	1243	346
METHOD_ENTRY	io.netty.util.internal.logging.AbstractInternalLogger#log(InternalLogLevel,String):void	5c595ffc22d6f6ec6861	413	746	1170	269
METHOD_EXIT	io.netty.util.internal.logging.AbstractInternalLogger#log(InternalLogLevel,String):void	1b3b5269c0b9e089c2ca	455	757	1223	320
METHOD_ENTRY	io.netty.util.internal.logging.AbstractInternalLogger#log(InternalLogLevel,String,Object):void	0dfd36b18c69b981645e	413	765	1189	279
METHOD_EXIT	io.netty.util.internal.logging.AbstractInternalLogger#log(InternalLogLevel,String,Object):void	0c96de40ebc47b9c82da	455	776	1242	373
METHOD_ENTRY	io.netty.util.internal.logging.AbstractInternalLogger#log(InternalLogLevel,Throwable):void	ef2f005b89addea736a7	413	752	1176	264
METHOD_EXIT	io.netty.util.internal.logging.AbstractInternalLogger#log(InternalLogLevel,Throwable):void	071d98388fb5f9336e0c	455	763	1229	374
METHOD_EXIT	io.netty.util.internal.logging.AbstractInternalLogger#log(InternalLogLevel,String,Object,Object):void	6f7688cafdac278cfd79	455	809	1275	335
METHOD_ENTRY	io.netty.util.internal.logging.AbstractInternalLogger#log(InternalLogLevel,String,Object):void	0dfd36b18c69b981645e	413	765	1189	279
METHOD_EXIT	io.netty.util.internal.logging.AbstractInternalLogger#log(InternalLogLevel,String,Object):void	0c96de40ebc47b9c82da	455	776	1242	373
METHOD_ENTRY	io.netty.util.internal.logging.AbstractInternalLogger#readResolve():Object	aff727aa75f9404b2954	413	657	1081	66
METHOD_EXIT	io.netty.util.internal.logging.AbstractInternalLogger#readResolve():Object	8988662d24381d133026	455	731	1197	280
METHOD_ENTRY	io.netty.util.internal.logging.InternalLoggerFactory#newDefaultFactory(String):InternalLoggerFactory	110a2a2b6166528a91cc	413	887	1311	241
METHOD_ENTRY	io.netty.util.internal.logging.AbstractInternalLogger#log(InternalLogLevel,String,Object,Object):void	b7563b01ffb0d3345fe6	413	798	1222	303
METHOD_ENTRY	io.netty.util.internal.logging.InternalLoggerFactory#useSlf4JLoggerFactory(String):InternalLoggerFactory	430ba4ba7ace4aa37b8b	413	889	1313	277
METHOD_EXIT	io.netty.util.internal.logging.AbstractInternalLogger#toString():String	757ff86d75ffe2993274	455	738	1204	306
METHOD_EXIT	io.netty.util.internal.logging.InternalLoggerFactory#newDefaultFactory(String):InternalLoggerFactory	efaa381a6eaeb44ae699	455	966	1432	448
METHOD_ENTRY	io.netty.util.internal.logging.InternalLoggerFactory#useLog4J2LoggerFactory(String):InternalLoggerFactory	f1473b89630c161a9299	413	886	1310	295
METHOD_EXIT	io.netty.util.internal.logging.InternalLoggerFactory#useLog4J2LoggerFactory(String):InternalLoggerFactory	8fd538d01d614afbafcc	455	965	1431	310
METHOD_EXIT	io.netty.util.internal.logging.InternalLoggerFactory#useLog4JLoggerFactory(String):InternalLoggerFactory	3a4fd981576b8035a5cd	455	961	1427	183
METHOD_ENTRY	io.netty.util.internal.logging.InternalLoggerFactory#useLog4JLoggerFactory(String):InternalLoggerFactory	f1c7f1c899cddb028dfa	413	882	1306	188
METHOD_ENTRY	io.netty.util.internal.logging.InternalLoggerFactory#useJdkLoggerFactory(String):InternalLoggerFactory	27f73152e960553aff2c	413	829	1253	280
METHOD_EXIT	io.netty.util.internal.logging.InternalLoggerFactory#useSlf4JLoggerFactory(String):InternalLoggerFactory	28890ecc19c6b0d0e4df	455	968	1434	377
METHOD_ENTRY	io.netty.util.internal.logging.AbstractInternalLogger#toString():String	5495c153cd8697168368	413	664	1088	126
METHOD_ENTRY	io.netty.util.internal.logging.InternalLoggerFactory#getDefaultFactory():InternalLoggerFactory	d214147ab7dc810db237	413	816	1240	288
METHOD_EXIT	io.netty.util.internal.logging.InternalLoggerFactory#getDefaultFactory():InternalLoggerFactory	d80a9723d09020ebae5b	455	892	1358	271
METHOD_ENTRY	io.netty.util.internal.logging.InternalLoggerFactory#setDefaultFactory(InternalLoggerFactory):void	ce5075bd462ad5bfe4d8	413	815	1239	160
METHOD_EXIT	io.netty.util.internal.logging.InternalLoggerFactory#setDefaultFactory(InternalLoggerFactory):void	6696e77b5d7215567116	455	826	1292	251
METHOD_ENTRY	io.netty.util.internal.logging.InternalLoggerFactory#getInstance(Class<?>):InternalLogger	3c536052c877a4c6571d	413	797	1221	135
METHOD_ENTRY	io.netty.util.internal.logging.Log4J2LoggerFactory#newInstance(String):InternalLogger	43bfc5d15d9d2ad49716	413	440	864	252
METHOD_EXIT	io.netty.util.internal.logging.Log4J2LoggerFactory#newInstance(String):InternalLogger	638aa32231c136f72133	455	518	984	279
METHOD_EXIT	io.netty.util.internal.logging.InternalLoggerFactory#useJdkLoggerFactory(String):InternalLoggerFactory	0ededc95206b2c15cbf7	455	908	1374	221
METHOD_EXIT	io.netty.util.internal.logging.InternalLoggerFactory#getInstance(Class<?>):InternalLogger	ed737ee602693000ae1a	455	875	1341	249
METHOD_EXIT	io.netty.util.internal.logging.InternalLoggerFactory#getInstance(String):InternalLogger	f32d350ceb591801d726	455	874	1340	276
METHOD_ENTRY	io.netty.util.internal.logging.JdkLogger#trace(String):void	5c20b03be9835c7f7618	413	2151	2575	266
METHOD_ENTRY	io.netty.util.internal.logging.JdkLogger#isTraceEnabled():boolean	bdb66afa49ecaaee53a5	413	2132	2556	293
METHOD_EXIT	io.netty.util.internal.logging.JdkLogger#isTraceEnabled():boolean	44fab3638ecad7e86003	455	2206	2672	247
METHOD_EXIT	io.netty.util.internal.logging.JdkLogger#trace(String):void	07e4e49033db4582fdd6	455	2162	2628	217
METHOD_ENTRY	io.netty.util.internal.logging.JdkLogger#trace(String,Object):void	675af969917ec3ff2ece	413	2176	2600	288
METHOD_ENTRY	io.netty.util.internal.logging.InternalLoggerFactory#getInstance(String):InternalLogger	3c5acd4002095317129e	413	796	1220	243
METHOD_EXIT	io.netty.util.internal.logging.JdkLogger#trace(String,Object):void	2750d05aa0f78142f393	455	2187	2653	268
METHOD_EXIT	io.netty.util.internal.logging.JdkLogger#trace(String,Object,Object):void	33d3b9c3cf913f59766b	455	2204	2670	282
METHOD_ENTRY	io.netty.util.internal.logging.JdkLogger#trace(String,Object):void	675af969917ec3ff2ece	413	2176	2600	288
METHOD_EXIT	io.netty.util.internal.logging.JdkLogger#trace(String,Object):void	2750d05aa0f78142f393	455	2187	2653	268
METHOD_ENTRY	io.netty.util.internal.logging.JdkLogger#trace(String,Throwable):void	88a11685399c2cf146e1	413	2161	2585	292
METHOD_EXIT	io.netty.util.internal.logging.JdkLogger#trace(String,Throwable):void	5a75ad3cf5199f63c5f8	455	2172	2638	300
METHOD_ENTRY	io.netty.util.internal.logging.JdkLogger#isDebugEnabled():boolean	01e1c9623bae156072b2	413	2131	2555	308
METHOD_ENTRY	io.netty.util.internal.logging.JdkLogger#debug(String):void	6171cfbf91cf9e8a0f9c	413	2149	2573	255
METHOD_EXIT	io.netty.util.internal.logging.JdkLogger#debug(String):void	9ef8a513a0d25d14fff7	455	2160	2626	268
METHOD_ENTRY	io.netty.util.internal.logging.JdkLogger#debug(String,Object):void	2d64fab631f797168728	413	2174	2598	263
METHOD_EXIT	io.netty.util.internal.logging.JdkLogger#debug(String,Object):void	6a4fae41185cf7833a11	455	2185	2651	286
METHOD_ENTRY	io.netty.util.internal.logging.JdkLogger#debug(String,Object,Object):void	f19c3615d5908b65ad8b	413	2191	2615	286
METHOD_ENTRY	io.netty.util.internal.logging.JdkLogger#trace(String,Object,Object):void	06947f404551800a2d97	413	2193	2617	275
METHOD_EXIT	io.netty.util.internal.logging.JdkLogger#debug(String,Object,Object):void	28bff5e1c70d4ffc612d	455	2202	2668	329
METHOD_ENTRY	io.netty.util.internal.logging.JdkLogger#debug(String,Object):void	2d64fab631f797168728	413	2174	2598	263
METHOD_EXIT	io.netty.util.internal.logging.JdkLogger#debug(String,Object):void	6a4fae41185cf7833a11	455	2185	2651	286
METHOD_ENTRY	io.netty.util.internal.logging.JdkLogger#debug(String,Throwable):void	ed576d37280001dcc223	413	2159	2583	265
METHOD_EXIT	io.netty.util.internal.logging.JdkLogger#debug(String,Throwable):void	aecf2714be2bf79fccbe	455	2170	2636	275
METHOD_ENTRY	io.netty.util.internal.logging.JdkLogger#isInfoEnabled():boolean	9e6a052b0440ef5933f4	413	2130	2554	301
METHOD_ENTRY	io.netty.util.internal.logging.JdkLogger#info(String):void	c33e2d236915e9e91ec0	413	2147	2571	197
METHOD_EXIT	io.netty.util.internal.logging.JdkLogger#info(String):void	3ba56a3f844e78e1aa40	455	2158	2624	245
METHOD_ENTRY	io.netty.util.internal.logging.JdkLogger#info(String,Object):void	26494eb2e4cc81702b4b	413	2172	2596	193
METHOD_EXIT	io.netty.util.internal.logging.JdkLogger#info(String,Object):void	857506a454e678450269	455	2183	2649	304
METHOD_ENTRY	io.netty.util.internal.logging.JdkLogger#info(String,Object,Object):void	4030fbe4c19516ea95b0	413	2189	2613	252
METHOD_EXIT	io.netty.util.internal.logging.JdkLogger#info(String,Object,Object):void	3912d40b506db3d890e3	455	2200	2666	293
METHOD_EXIT	io.netty.util.internal.logging.JdkLogger#info(String,Object):void	857506a454e678450269	455	2183	2649	304
METHOD_ENTRY	io.netty.util.internal.logging.JdkLogger#info(String,Object):void	26494eb2e4cc81702b4b	413	2172	2596	193
METHOD_EXIT	io.netty.util.internal.logging.JdkLogger#info(String,Throwable):void	a900733fcea9f781a26a	455	2168	2634	292
METHOD_ENTRY	io.netty.util.internal.logging.JdkLogger#info(String,Throwable):void	97016dbe023254121b42	413	2157	2581	271
METHOD_ENTRY	io.netty.util.internal.logging.JdkLogger#isWarnEnabled():boolean	a9691f6d2efa471a25b3	413	2130	2554	286
METHOD_EXIT	io.netty.util.internal.logging.JdkLogger#isDebugEnabled():boolean	8ccbdbae771a6b62ffd3	455	2205	2671	295
METHOD_EXIT	io.netty.util.internal.logging.JdkLogger#isWarnEnabled():boolean	4c7102911318c060f90b	455	2204	2670	246
METHOD_ENTRY	io.netty.util.internal.logging.JdkLogger#warn(String):void	a4bfc2d769d00ceedfb8	413	2147	2571	264
METHOD_ENTRY	io.netty.util.internal.logging.JdkLogger#warn(String,Object):void	c3ba8e05ff2f39187246	413	2172	2596	230
METHOD_ENTRY	io.netty.util.internal.logging.JdkLogger#warn(String,Object,Object):void	9fcd2c9d654cc46004ab	413	2189	2613	255
METHOD_EXIT	io.netty.util.internal.logging.JdkLogger#isInfoEnabled():boolean	83817b52491b50bebadd	455	2204	2670	182
METHOD_EXIT	io.netty.util.internal.logging.JdkLogger#warn(String):void	416e2570ae72265734a9	455	2158	2624	215
METHOD_EXIT	io.netty.util.internal.logging.JdkLogger#warn(String,Object):void	38b1dd72c052d455bc9e	455	2183	2649	295
METHOD_ENTRY	io.netty.util.internal.logging.JdkLogger#warn(String,Object):void	c3ba8e05ff2f39187246	413	2172	2596	230
METHOD_EXIT	io.netty.util.internal.logging.JdkLogger#warn(String,Object):void	38b1dd72c052d455bc9e	455	2183	2649	295
METHOD_EXIT	io.netty.util.internal.logging.JdkLogger#warn(String,Throwable):void	37c09c880eb8d28839ce	455	2168	2634	284
METHOD_ENTRY	io.netty.util.internal.logging.JdkLogger#error(String):void	ba61219f8de88b61f9cc	413	2146	2570	254
METHOD_ENTRY	io.netty.util.internal.logging.JdkLogger#warn(String,Throwable):void	a53e406bb27bb4142162	413	2157	2581	260
METHOD_EXIT	io.netty.util.internal.logging.JdkLogger#isErrorEnabled():boolean	11c4ad389d6b051afee1	455	2204	2670	318
METHOD_EXIT	io.netty.util.internal.logging.JdkLogger#error(String):void	3c41d69549d1f5a5b7b0	455	2157	2623	271
METHOD_ENTRY	io.netty.util.internal.logging.JdkLogger#error(String,Object):void	40067a4f14cfa7b05458	413	2171	2595	227
METHOD_EXIT	io.netty.util.internal.logging.JdkLogger#error(String,Object):void	df77acad53a51609b51f	455	2182	2648	266
METHOD_EXIT	io.netty.util.internal.logging.JdkLogger#error(String,Object,Object):void	cd26ee6ad914c6904186	455	2199	2665	271
METHOD_ENTRY	io.netty.util.internal.logging.JdkLogger#error(String,Object,Object):void	2f6879e5968c53d1c467	413	2188	2612	290
METHOD_ENTRY	io.netty.util.internal.logging.JdkLogger#error(String,Object):void	40067a4f14cfa7b05458	413	2171	2595	227
METHOD_EXIT	io.netty.util.internal.logging.JdkLogger#error(String,Object):void	df77acad53a51609b51f	455	2182	2648	266
METHOD_ENTRY	io.netty.util.internal.logging.JdkLogger#error(String,Throwable):void	9b436a780f396745439f	413	2156	2580	277
METHOD_EXIT	io.netty.util.internal.logging.JdkLogger#error(String,Throwable):void	5fff8fa15d43d325f278	455	2167	2633	248
METHOD_ENTRY	io.netty.util.internal.logging.JdkLogger#log(String,Level,String,Throwable):void	228b0538786018933413	413	2207	2631	194
METHOD_EXIT	io.netty.util.internal.logging.JdkLogger#log(String,Level,String,Throwable):void	45995369d08e4d78cecd	455	2218	2684	284
METHOD_ENTRY	io.netty.util.internal.DirectCleaner#allocate(int):CleanableDirectBuffer	805c78027a64d8df4dd5	413	464	888	115
METHOD_EXIT	io.netty.util.internal.DirectCleaner#allocate(int):CleanableDirectBuffer	ff5509e1d6720100369d	455	544	1010	65
METHOD_ENTRY	io.netty.util.internal.DirectCleaner#reallocate(CleanableDirectBuffer,int):CleanableDirectBuffer	b9979ee3b62205e95671	413	564	988	193
METHOD_ENTRY	io.netty.util.internal.logging.JdkLogger#fillCallerData(String,LogRecord):void	6e991392f5a2c2ebd641	413	2377	2801	302
METHOD_EXIT	io.netty.util.internal.logging.JdkLogger#warn(String,Object,Object):void	634be5877dbd81a1a1e1	455	2200	2666	312
METHOD_EXIT	io.netty.util.internal.DirectCleaner#reallocate(CleanableDirectBuffer,int):CleanableDirectBuffer	3078cc82d114a7c093a7	455	644	1110	229
METHOD_ENTRY	io.netty.util.internal.DirectCleaner#freeDirectBuffer(ByteBuffer):void	776ba5565d91f0a0a6ef	413	469	893	214
METHOD_ENTRY	io.netty.util.internal.logging.JdkLogger#isErrorEnabled():boolean	52be63f7baeadd4a00f5	413	2130	2554	304
METHOD_EXIT	io.netty.util.internal.DirectCleaner#freeDirectBuffer(ByteBuffer):void	9a7c1742be3d7db8ce9a	455	480	946	235
METHOD_ENTRY	io.netty.util.internal.DirectCleaner#hasExpensiveClean():boolean	95b542fdd3dbc63502c6	413	452	876	33
METHOD_ENTRY	io.netty.util.internal.CleanableDirectBufferImpl#buffer():ByteBuffer	93b84c569c59a52af5da	413	386	810	243
METHOD_ENTRY	io.netty.util.internal.DirectCleaner#clean():void	4401accfcf51c8764324	413	474	898	5
METHOD_ENTRY	io.netty.util.internal.CleanableDirectBufferImpl#clean():void	7a2ceb9da66df9b0420e	413	412	836	5
METHOD_EXIT	io.netty.util.internal.CleanableDirectBufferImpl#clean():void	04131ed6f46ef17c210e	455	423	889	248
METHOD_ENTRY	io.netty.util.internal.DirectCleaner#buffer():ByteBuffer	560bfeea461b1a4bc3a4	413	448	872	105
METHOD_EXIT	io.netty.util.internal.DirectCleaner#buffer():ByteBuffer	4128de7bd1516e1fcc5e	455	523	989	207
METHOD_EXIT	io.netty.util.internal.DirectCleaner#hasExpensiveClean():boolean	4ec196bfee7776b72471	455	526	992	50
METHOD_EXIT	io.netty.util.internal.CleanableDirectBufferImpl#buffer():ByteBuffer	4f14b61d374a9d6f1071	455	461	927	186
METHOD_EXIT	io.netty.util.internal.logging.JdkLogger#fillCallerData(String,LogRecord):void	e1eb81adba72051e6016	455	2388	2854	348
METHOD_ENTRY	io.netty.util.internal.LongLongHashMap#put(long,long):long	77db2f2d0ce4d3febd21	413	711	1135	232
METHOD_EXIT	io.netty.util.internal.LongLongHashMap#put(long,long):long	e678aadb8756909054a4	455	788	1254	357
METHOD_EXIT	io.netty.util.internal.LongLongHashMap#remove(long):void	4deda4b7f61a270bc0cc	455	593	1059	275
METHOD_EXIT	io.netty.util.internal.LongLongHashMap#get(long):long	d90e501bafbe97c25332	455	655	1121	398
METHOD_ENTRY	io.netty.util.internal.LongLongHashMap#get(long):long	76f1e1ae04f76034ba17	413	578	1002	204
METHOD_EXIT	io.netty.util.internal.DirectCleaner#clean():void	719025196597ae0a4be3	455	485	951	275
METHOD_ENTRY	io.netty.util.internal.LongLongHashMap#index(long):int	c262bdb2e3c55ef769cf	413	571	995	231
METHOD_ENTRY	io.netty.util.internal.LongAdderCounter#value():long	a8124f93c87c1d13516d	413	414	838	64
METHOD_EXIT	io.netty.util.internal.LongLongHashMap#index(long):int	6a1b3afb8c03ab13c312	455	648	1114	326
METHOD_ENTRY	io.netty.util.internal.LongLongHashMap#expand():void	c72a317860abc57cb8ec	413	573	997	188
METHOD_EXIT	io.netty.util.internal.LongAdderCounter#value():long	f49d88bf3503b73dbc0c	455	488	954	164
METHOD_EXIT	io.netty.util.internal.LongLongHashMap#expand():void	bf9d3bee617332be0689	455	584	1050	267
METHOD_ENTRY	io.netty.util.internal.LongLongHashMap#computeMaskAndProbe():void	6b3d0b1d2ba3afa49f11	413	527	951	239
METHOD_EXIT	io.netty.util.internal.LongLongHashMap#computeMaskAndProbe():void	b586cca240f9f85907a3	455	538	1004	246
METHOD_ENTRY	io.netty.util.internal.SystemPropertyUtil#get(String):String	2f548c0369ff0e0cc25c	413	789	1213	235
METHOD_EXIT	io.netty.util.internal.SystemPropertyUtil#contains(String):boolean	5e59b640f5b1c48f278e	455	868	1334	321
METHOD_EXIT	io.netty.util.internal.SystemPropertyUtil#get(String):String	fee2d4a7f8119a9faf6c	455	866	1332	234
METHOD_ENTRY	io.netty.util.internal.SystemPropertyUtil#get(String,String):String	86e2fdcbded3b9b6875b	413	923	1347	237
METHOD_EXIT	io.netty.util.internal.SystemPropertyUtil#get(String,String):String	ab0e9e0b6bc44be201eb	455	1000	1466	308
METHOD_ENTRY	io.netty.util.internal.SystemPropertyUtil#run():String	9dc1b61cd4e2cfa1395e	413	766	1190	330
METHOD_ENTRY	io.netty.util.internal.LongLongHashMap#remove(long):void	da28c69f4a9b2a7f0ece	413	582	1006	237
METHOD_EXIT	io.netty.util.internal.SystemPropertyUtil#run():String	61376b046dfd96bb87f9	455	777	1243	309
METHOD_ENTRY	io.netty.util.internal.SystemPropertyUtil#getBoolean(String,boolean):boolean	2eb8a87f964f4752b620	413	934	1358	252
METHOD_ENTRY	io.netty.util.internal.SystemPropertyUtil#getInt(String,int):int	04fb508b2b25839fa1ae	413	881	1305	242
METHOD_EXIT	io.netty.util.internal.SystemPropertyUtil#getBoolean(String,boolean):boolean	71654a6e179be934789a	455	1011	1477	368
METHOD_EXIT	io.netty.util.internal.SystemPropertyUtil#getInt(String,int):int	b2e97ad9ea520cfcaa8b	455	958	1424	231
METHOD_ENTRY	io.netty.util.internal.SystemPropertyUtil#getLong(String,long):long	7f5fcb7dec4024f09413	413	882	1306	224
METHOD_EXIT	io.netty.util.internal.RecyclableArrayList#newObject(Handle<RecyclableArrayList>):RecyclableArrayList	761545e92bb28e7c9d4f	455	658	1124	220
METHOD_ENTRY	io.netty.util.internal.RecyclableArrayList#newObject(Handle<RecyclableArrayList>):RecyclableArrayList	fc5c62925bd381883922	413	647	1071	52
METHOD_ENTRY	io.netty.util.internal.RecyclableArrayList#newInstance():RecyclableArrayList	5a649301fabb04176f2a	413	665	1089	201
METHOD_EXIT	io.netty.util.internal.RecyclableArrayList#newInstance():RecyclableArrayList	2ceca044e9313c3731a0	455	743	1209	240
METHOD_ENTRY	io.netty.util.internal.RecyclableArrayList#newInstance(int):RecyclableArrayList	80613067506c679dac72	413	688	1112	256
METHOD_EXIT	io.netty.util.internal.RecyclableArrayList#newInstance(int):RecyclableArrayList	82032ed9ced910c64301	455	769	1235	264
METHOD_ENTRY	io.netty.util.internal.SystemPropertyUtil#contains(String):boolean	622023fa9d7d45860b74	413	791	1215	269
METHOD_EXIT	io.netty.util.internal.RecyclableArrayList#addAll(Collection<?>):boolean	90f734342a011dcaff50	455	768	1234	269
METHOD_ENTRY	io.netty.util.internal.RecyclableArrayList#addAll(Collection<?>):boolean	361399c83cd014a03e74	413	691	1115	204
METHOD_ENTRY	io.netty.util.internal.RecyclableArrayList#addAll(int,Collection<?>):boolean	60243d2ce660fb00e3a9	413	703	1127	247
METHOD_ENTRY	io.netty.util.internal.RecyclableArrayList#checkNullElements(Collection<?>):void	b218775568546521eb0b	413	777	1201	270
METHOD_EXIT	io.netty.util.internal.RecyclableArrayList#addAll(int,Collection<?>):boolean	28b9023c556a720a3889	455	780	1246	316
METHOD_EXIT	io.netty.util.internal.RecyclableArrayList#checkNullElements(Collection<?>):void	d8dfac190443547ee303	455	788	1254	204
METHOD_ENTRY	io.netty.util.internal.RecyclableArrayList#add(int,Object):void	b4e803e3f35b9a09e77f	413	685	1109	101
METHOD_EXIT	io.netty.util.internal.RecyclableArrayList#add(Object):boolean	7f4e1f25c51d2a1412e1	455	764	1230	248
METHOD_EXIT	io.netty.util.internal.RecyclableArrayList#add(int,Object):void	a63654a304120632a395	455	696	1162	243
METHOD_ENTRY	io.netty.util.internal.RecyclableArrayList#set(int,Object):Object	2e2024fd22f52a908f01	413	691	1115	178
METHOD_EXIT	io.netty.util.internal.SystemPropertyUtil#getLong(String,long):long	db9853811d481aa0054a	455	959	1425	344
METHOD_ENTRY	io.netty.util.internal.RecyclableArrayList#insertSinceRecycled():boolean	406fccba5c838d3084c9	413	658	1082	137
METHOD_EXIT	io.netty.util.internal.RecyclableArrayList#set(int,Object):Object	4f53657632dea8e90854	455	768	1234	302
METHOD_ENTRY	io.netty.util.internal.RecyclableArrayList#recycle():boolean	c0e5ef640b20db883ddd	413	666	1090	127
METHOD_EXIT	io.netty.util.internal.RecyclableArrayList#insertSinceRecycled():boolean	fda5273ccc4b11ef3fe1	455	732	1198	83
METHOD_ENTRY	io.netty.util.internal.ConstantTimeUtils#equalsConstantTime(int,int):int	3bd62db5469de8a048d0	413	1176	1600	295
METHOD_EXIT	io.netty.util.internal.RecyclableArrayList#recycle():boolean	ab74c5ed7a816aff70d1	455	740	1206	179
METHOD_ENTRY	io.netty.util.internal.ConstantTimeUtils#equalsConstantTime(long,long):int	84127b75424453793033	413	1188	1612	202
METHOD_ENTRY	io.netty.util.internal.ConstantTimeUtils#equalsConstantTime(byte[],int,byte[],int,int):int	b05781c29294abcb9091	413	1249	1673	219
METHOD_EXIT	io.netty.util.internal.ConstantTimeUtils#equalsConstantTime(long,long):int	3e8da72729d969578e7a	455	1265	1731	296
METHOD_EXIT	io.netty.util.internal.ConstantTimeUtils#equalsConstantTime(byte[],int,byte[],int,int):int	b90ea7e5805533ef6912	455	1326	1792	290
METHOD_ENTRY	io.netty.util.internal.ConstantTimeUtils#equalsConstantTime(CharSequence,CharSequence):int	a138258ffb24316d3fb7	413	1223	1647	222
METHOD_EXIT	io.netty.util.internal.ConstantTimeUtils#equalsConstantTime(CharSequence,CharSequence):int	2f8bb50f542c0db5becb	455	1300	1766	387
METHOD_EXIT	io.netty.util.internal.ConstantTimeUtils#equalsConstantTime(int,int):int	7517a12b6e2b6d9ba54f	455	1253	1719	526
METHOD_EXIT	io.netty.util.internal.CleanerJava24Linker#isSupported():boolean	32027bfba49592319b24	455	581	1047	274
METHOD_ENTRY	io.netty.util.internal.RecyclableArrayList#add(Object):boolean	186f1ad6b1761aeb6669	413	687	1111	109
METHOD_ENTRY	io.netty.util.internal.CleanerJava24Linker#isSupported():boolean	16c252053df598c0e49f	413	507	931	200
METHOD_EXIT	io.netty.util.internal.CleanerJava24Linker#allocate(int):CleanableDirectBuffer	4b906252367865a78662	455	601	1067	297
METHOD_ENTRY	io.netty.util.internal.CleanerJava24Linker#freeDirectBuffer(ByteBuffer):void	a1261c57293e564c251d	413	525	949	281
METHOD_EXIT	io.netty.util.internal.CleanerJava24Linker#freeDirectBuffer(ByteBuffer):void	1d425a482e0e0428c2d3	455	536	1002	137
METHOD_EXIT	io.netty.util.internal.CleanerJava24Linker#hasExpensiveClean():boolean	e21fbbeb26f47ce1f6fb	455	583	1049	80
METHOD_ENTRY	io.netty.util.internal.CleanerJava24Linker#free(long):void	5e885999c7494a0f91cc	413	536	960	264
METHOD_EXIT	io.netty.util.internal.CleanerJava24Linker#free(long):void	37a1d3573e07f1a1e228	455	547	1013	161
METHOD_ENTRY	io.netty.util.internal.CleanerJava24Linker#buffer():ByteBuffer	7fcee38b5782c45ccca6	413	505	929	59
METHOD_ENTRY	io.netty.util.internal.CleanerJava24Linker#allocate(int):CleanableDirectBuffer	fdd6f367566d7ad1a96f	413	521	945	88
METHOD_EXIT	io.netty.util.internal.CleanerJava24Linker#malloc(int):long	ae318cdb3b312e703e51	455	696	1162	340
METHOD_ENTRY	io.netty.util.internal.CleanerJava24Linker#malloc(int):long	32b7d7d83f12dc3e4c7b	413	619	1043	150
METHOD_EXIT	io.netty.util.internal.CleanerJava24Linker#buffer():ByteBuffer	35029e2bcf85edf82515	455	580	1046	245
METHOD_ENTRY	io.netty.util.internal.CleanerJava24Linker#clean():void	8f11f41aa447dcd44d1f	413	521	945	207
METHOD_EXIT	io.netty.util.internal.CleanerJava24Linker#clean():void	a6753dbe63c4de097e1b	455	532	998	215
METHOD_ENTRY	io.netty.util.internal.CleanerJava24Linker#hasMemoryAddress():boolean	cb142c9da1dab1a0fda0	413	507	931	58
METHOD_EXIT	io.netty.util.internal.CleanerJava24Linker#hasMemoryAddress():boolean	364091dbc9b83b937a3b	455	581	1047	55
METHOD_ENTRY	io.netty.util.internal.CleanerJava24Linker#memoryAddress():long	0af93e3f61d6275aa3fe	413	506	930	57
METHOD_ENTRY	io.netty.util.internal.CleanerJava24Linker#hasExpensiveClean():boolean	57d272af21009b685ade	413	509	933	224
METHOD_ENTRY	io.netty.util.internal.CleanableDirectBufferImpl#buffer():ByteBuffer	93b84c569c59a52af5da	413	386	810	243
METHOD_EXIT	io.netty.util.internal.CleanableDirectBufferImpl#buffer():ByteBuffer	4f14b61d374a9d6f1071	455	461	927	186
METHOD_ENTRY	io.netty.util.internal.CleanableDirectBufferImpl#clean():void	df25a83d1769e44aed30	413	402	826	198
METHOD_EXIT	io.netty.util.internal.CleanableDirectBufferImpl#clean():void	8809a4c1131faae78f3c	455	413	879	169
METHOD_ENTRY	io.netty.util.internal.CleanableDirectBufferImpl#hasMemoryAddress():boolean	eacad85a9a3fc0e307c8	413	388	812	40
METHOD_EXIT	io.netty.util.internal.CleanableDirectBufferImpl#hasMemoryAddress():boolean	bce2fe6cdf443c4263f0	455	462	928	55
METHOD_ENTRY	io.netty.util.internal.ThreadExecutorMap#currentExecutor():EventExecutor	521bdbfadcb78fa5f411	413	637	1061	93
METHOD_EXIT	io.netty.util.internal.ThreadExecutorMap#currentExecutor():EventExecutor	0c64c47e374556bb7707	455	712	1178	238
METHOD_ENTRY	io.netty.util.internal.ThreadExecutorMap#setCurrentExecutor(EventExecutor):EventExecutor	085e32acc6d33ac65a84	413	650	1074	95
METHOD_EXIT	io.netty.util.internal.CleanableDirectBufferImpl#memoryAddress():long	a10b5d9ffcbf9e068abc	455	461	927	98
METHOD_EXIT	io.netty.util.internal.ThreadExecutorMap#setCurrentExecutor(EventExecutor):EventExecutor	28f9e208d9d319fedad0	455	728	1194	266
METHOD_EXIT	io.netty.util.internal.ThreadExecutorMap#apply(Executor,EventExecutor):Executor	9ffcb9542ab24f5f1291	455	786	1252	260
METHOD_ENTRY	io.netty.util.internal.ThreadExecutorMap#execute(Runnable):void	162204b46de34cdbf68b	413	618	1042	49
METHOD_ENTRY	io.netty.util.internal.ThreadExecutorMap#apply(Executor,EventExecutor):Executor	ec0a1aa3ae75cf761942	413	709	1133	202
METHOD_EXIT	io.netty.util.internal.ThreadExecutorMap#execute(Runnable):void	b7ddc8e51efc717ab510	455	629	1095	86
METHOD_ENTRY	io.netty.util.internal.ThreadExecutorMap#apply(Runnable,EventExecutor):Runnable	069cbd19f69424a6acaa	413	725	1149	246
METHOD_EXIT	io.netty.util.internal.ThreadExecutorMap#apply(Runnable,EventExecutor):Runnable	370474bafbf966e19091	455	802	1268	258
METHOD_ENTRY	io.netty.util.internal.ThreadExecutorMap#run():void	03bace85a3f93569c25b	413	616	1040	5
METHOD_EXIT	io.netty.util.internal.ThreadExecutorMap#run():void	f7e27466c3828aa9a6e4	455	627	1093	110
METHOD_ENTRY	io.netty.util.internal.ThreadExecutorMap#apply(ThreadFactory,EventExecutor):ThreadFactory	3f9ff9d99c8f2ac8e617	413	721	1145	258
METHOD_EXIT	io.netty.util.internal.ThreadExecutorMap#apply(ThreadFactory,EventExecutor):ThreadFactory	d556bcae179ae1484521	455	799	1265	238
METHOD_ENTRY	io.netty.util.internal.ThreadExecutorMap#newThread(Runnable):Thread	7eb2adf0cba8ee9a172a	413	619	1043	5
METHOD_EXIT	io.netty.util.internal.ThreadExecutorMap#newThread(Runnable):Thread	0d5db866eb623ad92eb6	455	630	1096	129
METHOD_ENTRY	io.netty.util.internal.AdaptiveCalculator#getSizeTableIndex(int):int	70a2a76336df95cc79f8	413	656	1080	280
METHOD_EXIT	io.netty.util.internal.AdaptiveCalculator#getSizeTableIndex(int):int	44da9b349979ecdc5d4e	455	733	1199	344
METHOD_EXIT	io.netty.util.internal.AdaptiveCalculator#record(int):void	7fba2f7935582b0036fa	455	633	1099	302
METHOD_ENTRY	io.netty.util.internal.AdaptiveCalculator#record(int):void	35b86b00c60dc5816939	413	622	1046	253
METHOD_ENTRY	io.netty.util.internal.AdaptiveCalculator#nextSize():int	194e918ee6fd1dabbc3f	413	510	934	236
METHOD_EXIT	io.netty.util.internal.AdaptiveCalculator#nextSize():int	dd3e26485fa9edadf1e3	455	584	1050	180
METHOD_ENTRY	io.netty.util.internal.VarHandleFactory#isSupported():boolean	58ce84588c893f2e7223	413	778	1202	60
METHOD_EXIT	io.netty.util.internal.VarHandleFactory#isSupported():boolean	5b50d82d38bd386c4623	455	852	1318	209
METHOD_ENTRY	io.netty.util.internal.CleanableDirectBufferImpl#memoryAddress():long	71a4fab22fe7feeb9475	413	387	811	106
METHOD_ENTRY	io.netty.util.internal.VarHandleFactory#unavailableCause():Throwable	393fc97e9f66a1207d88	413	777	1201	185
METHOD_EXIT	io.netty.util.internal.VarHandleFactory#unavailableCause():Throwable	3b37e96d470bb176c602	455	851	1317	239
METHOD_ENTRY	io.netty.util.internal.VarHandleFactory#privateLookup(MethodHandles.Lookup,Class<?>):MethodHandles.Lookup	a00d4292de56fd7c0681	413	835	1259	249
METHOD_EXIT	io.netty.util.internal.VarHandleFactory#privateLookup(MethodHandles.Lookup,Class<?>):MethodHandles.Lookup	0d7202e4359eda01c1a1	455	914	1380	280
METHOD_ENTRY	io.netty.util.internal.VarHandleFactory#privateFindVarHandle(MethodHandles.Lookup,Class<?>,String,Class<?>):VarHandle	f921fd63921b64fb5493	413	870	1294	253
METHOD_EXIT	io.netty.util.internal.VarHandleFactory#privateFindVarHandle(MethodHandles.Lookup,Class<?>,String,Class<?>):VarHandle	e94eb829f03b7db6782d	455	948	1414	284
METHOD_EXIT	io.netty.util.internal.VarHandleFactory#longLeArrayView():VarHandle	57fb485f066157302ae4	455	855	1321	188
METHOD_EXIT	io.netty.util.internal.CleanerJava24Linker#memoryAddress():long	0578ce1fa8d41f7631e8	455	580	1046	259
METHOD_EXIT	io.netty.util.internal.VarHandleFactory#longBeArrayView():VarHandle	6fc6c6eb6cf217179a25	455	855	1321	96
METHOD_ENTRY	io.netty.util.internal.VarHandleFactory#longBeArrayView():VarHandle	40b582859f75cc6225fe	413	780	1204	217
METHOD_ENTRY	io.netty.util.internal.VarHandleFactory#intLeArrayView():VarHandle	5565b004c39f90f1741f	413	780	1204	51
METHOD_EXIT	io.netty.util.internal.VarHandleFactory#intLeArrayView():VarHandle	d6743e80cab6574d5d3f	455	855	1321	119
METHOD_EXIT	io.netty.util.internal.VarHandleFactory#intBeArrayView():VarHandle	a18f7edf23a2260639ee	455	855	1321	108
METHOD_EXIT	io.netty.util.internal.VarHandleFactory#shortLeArrayView():VarHandle	3be10477ee32e0dc1c66	455	855	1321	105
METHOD_ENTRY	io.netty.util.internal.VarHandleFactory#intBeArrayView():VarHandle	3afb8d3841fdf56abc1d	413	780	1204	224
METHOD_ENTRY	io.netty.util.internal.VarHandleFactory#shortBeArrayView():VarHandle	b9b2e7b840c0f4b01de8	413	780	1204	267
METHOD_EXIT	io.netty.util.internal.VarHandleFactory#shortBeArrayView():VarHandle	2be8fcbdb864dca882bd	455	855	1321	124
METHOD_ENTRY	io.netty.util.internal.VarHandleFactory#longLeByteBufferView():VarHandle	875ccb0734c4b1993984	413	783	1207	139
METHOD_EXIT	io.netty.util.internal.VarHandleFactory#longLeByteBufferView():VarHandle	0aa0c8851b10ad249a69	455	858	1324	195
METHOD_ENTRY	io.netty.util.internal.VarHandleFactory#longBeByteBufferView():VarHandle	9d8c85e8624998d8fb29	413	783	1207	220
METHOD_EXIT	io.netty.util.internal.VarHandleFactory#longBeByteBufferView():VarHandle	1416c320b7fd76b09d7a	455	858	1324	122
METHOD_ENTRY	io.netty.util.internal.VarHandleFactory#intLeByteBufferView():VarHandle	87d22b07b1a86fe2dc26	413	783	1207	232
METHOD_ENTRY	io.netty.util.internal.VarHandleFactory#longLeArrayView():VarHandle	8c37c12da677664d5164	413	780	1204	215
METHOD_ENTRY	io.netty.util.internal.VarHandleFactory#intBeByteBufferView():VarHandle	3cc5f542fddcc7c4a7b6	413	783	1207	157
METHOD_EXIT	io.netty.util.internal.VarHandleFactory#intLeByteBufferView():VarHandle	c413c1eec915cf0ec279	455	858	1324	167
METHOD_EXIT	io.netty.util.internal.VarHandleFactory#intBeByteBufferView():VarHandle	565fed63b246b4137218	455	858	1324	87
METHOD_ENTRY	io.netty.util.internal.VarHandleFactory#shortLeByteBufferView():VarHandle	66d4050e2bdeca32a1cb	413	783	1207	221
METHOD_EXIT	io.netty.util.internal.VarHandleFactory#shortLeByteBufferView():VarHandle	d7af224debb61b9aa5e4	455	858	1324	96
METHOD_ENTRY	io.netty.util.internal.VarHandleFactory#shortBeByteBufferView():VarHandle	ad109ce34ea42cf98ff3	413	783	1207	239
METHOD_ENTRY	io.netty.util.internal.CleanerJava6#run():Object	fe2db2de8a13ebcf08b0	413	547	971	98
METHOD_EXIT	io.netty.util.internal.CleanerJava6#run():Object	ef2f5b6293919b4de50c	455	558	1024	325
METHOD_ENTRY	io.netty.util.internal.CleanerJava6#isSupported():boolean	5702360993a03fb405ee	413	567	991	52
METHOD_EXIT	io.netty.util.internal.CleanerJava6#isSupported():boolean	14915634b0313d14c7ec	455	641	1107	140
METHOD_ENTRY	io.netty.util.internal.CleanerJava6#allocate(int):CleanableDirectBuffer	f7d96bc890d043c0c562	413	587	1011	204
METHOD_ENTRY	io.netty.util.internal.VarHandleFactory#shortLeArrayView():VarHandle	12325281aff05e9f06de	413	780	1204	125
METHOD_EXIT	io.netty.util.internal.CleanerJava6#allocate(int):CleanableDirectBuffer	6178d63a19b113eb4d7a	455	667	1133	309
METHOD_ENTRY	io.netty.util.internal.CleanerJava6#freeDirectBuffer(ByteBuffer):void	6cb374e893b66b3e2c6f	413	585	1009	222
METHOD_ENTRY	io.netty.util.internal.CleanerJava6#hasExpensiveClean():boolean	bff4bef8134e2f834f6a	413	571	995	77
METHOD_EXIT	io.netty.util.internal.CleanerJava6#freeDirectBuffer(ByteBuffer):void	2510ea291b07a6b53343	455	596	1062	320
METHOD_EXIT	io.netty.util.internal.CleanerJava6#hasExpensiveClean():boolean	a48c555135dad88477fb	455	645	1111	47
METHOD_ENTRY	io.netty.util.internal.CleanerJava6#freeDirectBufferStatic(ByteBuffer):void	1e62aa0345221f9f2c05	413	641	1065	439
METHOD_EXIT	io.netty.util.internal.CleanerJava6#freeDirectBufferPrivileged(ByteBuffer):void	834018c782632970212a	455	665	1131	224
METHOD_ENTRY	io.netty.util.internal.CleanerJava6#freeDirectBufferPrivileged(ByteBuffer):void	c915c9ed1787c1720138	413	654	1078	276
METHOD_ENTRY	io.netty.util.internal.CleanerJava6#run():Throwable	ca58caa566972357eb4f	413	547	971	248
METHOD_ENTRY	io.netty.util.internal.CleanerJava6#freeDirectBuffer0(ByteBuffer):void	848aa7269090ca072640	413	582	1006	250
METHOD_EXIT	io.netty.util.internal.CleanerJava6#run():Throwable	4b5205717f21b3a77bd9	455	558	1024	74
METHOD_EXIT	io.netty.util.internal.CleanerJava6#freeDirectBuffer0(ByteBuffer):void	8394e00b78c51a4317df	455	593	1059	246
METHOD_ENTRY	io.netty.util.internal.CleanableDirectBufferImpl#buffer():ByteBuffer	93b84c569c59a52af5da	413	386	810	243
METHOD_ENTRY	io.netty.util.internal.CleanerJava6#buffer():ByteBuffer	2c285a028b17e27c6414	413	567	991	222
METHOD_ENTRY	io.netty.util.internal.CleanerJava6#clean():void	732d44ecefffbb942613	413	585	1009	222
METHOD_EXIT	io.netty.util.internal.CleanerJava6#buffer():ByteBuffer	1366d2bd3ec4877936ef	455	642	1108	195
METHOD_EXIT	io.netty.util.internal.CleanableDirectBufferImpl#buffer():ByteBuffer	4f14b61d374a9d6f1071	455	461	927	186
METHOD_EXIT	io.netty.util.internal.CleanerJava6#clean():void	76d160cc846dfd88a4b6	455	596	1062	163
METHOD_EXIT	io.netty.util.internal.VarHandleFactory#shortBeByteBufferView():VarHandle	3bd638a931853c79804c	455	858	1324	250
METHOD_EXIT	io.netty.util.internal.CleanableDirectBufferImpl#clean():void	ff8f1221f3b414fa9ee5	455	415	881	143
METHOD_ENTRY	io.netty.util.internal.CleanableDirectBufferImpl#clean():void	bc8887496316d7b62442	413	404	828	90
METHOD_ENTRY	io.netty.util.internal.TypeParameterMatcher#match(Object):boolean	055e1578adfa91ed2b17	413	448	872	207
METHOD_ENTRY	io.netty.util.internal.TypeParameterMatcher#get(Class<?>):TypeParameterMatcher	66920cd79907037251f2	413	541	965	204
METHOD_EXIT	io.netty.util.internal.TypeParameterMatcher#match(Object):boolean	9dfb6af4878d43ab1596	455	525	991	243
METHOD_EXIT	io.netty.util.internal.TypeParameterMatcher#get(Class<?>):TypeParameterMatcher	92f68fc453638f7d8017	455	620	1086	322
METHOD_EXIT	io.netty.util.internal.TypeParameterMatcher#match(Object):boolean	9dfb6af4878d43ab1596	455	525	991	243
METHOD_ENTRY	io.netty.util.internal.TypeParameterMatcher#match(Object):boolean	055e1578adfa91ed2b17	413	448	872	207
METHOD_EXIT	io.netty.util.internal.TypeParameterMatcher#find(Object,Class<?>,String):TypeParameterMatcher	f9ae664257ace93802de	455	700	1166	305
METHOD_ENTRY	io.netty.util.internal.ReflectiveMatcher#match(Object):boolean	67971581683c5fb8e1cb	413	390	814	312
METHOD_EXIT	io.netty.util.internal.ReflectiveMatcher#match(Object):boolean	48f57d1aef0a815c1442	455	467	933	309
METHOD_EXIT	io.netty.util.internal.CleanerJava6#freeDirectBufferStatic(ByteBuffer):void	7e346923ba5ecf4367d2	455	652	1118	273
METHOD_ENTRY	io.netty.util.internal.ReferenceCountUpdater#initialValue():int	f9be220efcd1baf823eb	413	739	1163	60
METHOD_EXIT	io.netty.util.internal.ReferenceCountUpdater#initialValue():int	b67f671ba97a70e3210e	455	813	1279	136
METHOD_ENTRY	io.netty.util.internal.ReferenceCountUpdater#realRefCnt(int):int	2cefccb895c2a796d55e	413	751	1175	277
METHOD_ENTRY	io.netty.util.internal.ReferenceCountUpdater#setInitialValue(T):void	e37e9fd2e6a7c2383d25	413	751	1175	249
METHOD_EXIT	io.netty.util.internal.ReferenceCountUpdater#realRefCnt(int):int	97377037f01668d0d866	455	828	1294	295
METHOD_EXIT	io.netty.util.internal.ReferenceCountUpdater#setInitialValue(T):void	85764be29cb873ff97fe	455	762	1228	313
METHOD_EXIT	io.netty.util.internal.ReferenceCountUpdater#refCnt(T):int	d2e99ba91ff2061be5b7	455	828	1294	213
METHOD_ENTRY	io.netty.util.internal.ReferenceCountUpdater#isLiveNonVolatile(T):boolean	8923b5b1dbd93731301d	413	786	1210	295
METHOD_EXIT	io.netty.util.internal.ReferenceCountUpdater#isLiveNonVolatile(T):boolean	6fa3bb03f7f6d3258c84	455	863	1329	308
METHOD_ENTRY	io.netty.util.internal.ReferenceCountUpdater#setRefCnt(T,int):void	ab5b5d234f089f77a7b8	413	789	1213	260
METHOD_ENTRY	io.netty.util.internal.ReferenceCountUpdater#resetRefCnt(T):void	1ee0eb776ef9b3b5d069	413	771	1195	202
METHOD_EXIT	io.netty.util.internal.ReferenceCountUpdater#setRefCnt(T,int):void	4097b3c064b56dc5bc92	455	800	1266	301
METHOD_ENTRY	io.netty.util.internal.TypeParameterMatcher#find(Object,Class<?>,String):TypeParameterMatcher	ab430eb6b5208ff2155e	413	621	1045	212
METHOD_EXIT	io.netty.util.internal.ReferenceCountUpdater#resetRefCnt(T):void	97b29518c17b0dd7d960	455	782	1248	273
METHOD_ENTRY	io.netty.util.internal.ReferenceCountUpdater#retain(T):T	5fb05a70f7f7f4cedff2	413	746	1170	262
METHOD_EXIT	io.netty.util.internal.ReferenceCountUpdater#retain(T):T	3eeea428c2553728e117	455	823	1289	303
METHOD_ENTRY	io.netty.util.internal.ReferenceCountUpdater#retain(T,int):T	011f9decc3b6441f2fd7	413	764	1188	155
METHOD_EXIT	io.netty.util.internal.ReferenceCountUpdater#retain(T,int):T	a193338d88d73a75d54e	455	841	1307	235
METHOD_ENTRY	io.netty.util.internal.ReferenceCountUpdater#retain0(T,int):T	ded5cca8621ad49e3c62	413	879	1303	232
METHOD_ENTRY	io.netty.util.internal.ReferenceCountUpdater#release(T):boolean	3b620363d4b1ca36775b	413	746	1170	251
METHOD_EXIT	io.netty.util.internal.ReferenceCountUpdater#release(T):boolean	4d0322f745651d1028b7	455	823	1289	280
METHOD_ENTRY	io.netty.util.internal.ReferenceCountUpdater#release(T,int):boolean	438cc0cd51f049ba75fd	413	765	1189	263
METHOD_ENTRY	io.netty.util.internal.ReferenceCountUpdater#release0(T,int):boolean	9943e654224e45728ca2	413	852	1276	279
METHOD_ENTRY	io.netty.util.internal.ReferenceCountUpdater#refCnt(T):int	06a47a82ffbb8a47241c	413	751	1175	179
METHOD_EXIT	io.netty.util.internal.ReferenceCountUpdater#release0(T,int):boolean	9f165e449b364900efa5	455	929	1395	451
METHOD_ENTRY	io.netty.util.internal.ReferenceCountUpdater#throwIllegalRefCountOnRelease(int,int):void	55f2e6205037f1fd1890	413	775	1199	290
METHOD_EXIT	io.netty.util.internal.ReferenceCountUpdater#throwIllegalRefCountOnRelease(int,int):void	3caddc542065b0f34bb7	455	786	1252	260
METHOD_ENTRY	io.netty.util.internal.ReferenceCountUpdater#updaterTypeOf(Class<T>,String):UpdaterType	73c8303fdb4057c06f9a	413	831	1255	230
METHOD_EXIT	io.netty.util.internal.ReferenceCountUpdater#updaterTypeOf(Class<T>,String):UpdaterType	a9b95c6b4aa9fc718aa1	455	910	1376	356
METHOD_EXIT	io.netty.util.internal.ReferenceCountUpdater#getUnsafeOffset(Class<? extends ReferenceCounted>,String):long	a75941b444976114cc25	455	896	1362	336
METHOD_EXIT	io.netty.util.internal.ReferenceCountUpdater#retain0(T,int):T	93e41a5f8cc5a65c2a30	455	956	1422	237
METHOD_ENTRY	io.netty.util.internal.ObjectUtil#checkNotNull(T,String):T	3b5070cc1fa40bc64012	413	1731	2155	261
METHOD_EXIT	io.netty.util.internal.ReferenceCountUpdater#release(T,int):boolean	b2f3e88b9f6a3a9b6e3f	455	842	1308	256
METHOD_EXIT	io.netty.util.internal.ObjectUtil#checkNotNull(T,String):T	ce49401fd1d5fd2c455d	455	1808	2274	134
METHOD_ENTRY	io.netty.util.internal.ObjectUtil#deepCheckNotNull(String,T):T[]	91c3067010d8e62f6eef	413	1770	2194	219
METHOD_EXIT	io.netty.util.internal.ObjectUtil#deepCheckNotNull(String,T):T[]	95bc423bf54f9533f379	455	1847	2313	291
METHOD_ENTRY	io.netty.util.internal.ObjectUtil#checkNotNullWithIAE(T,String):T	e632e98b58faaeb28044	413	1756	2180	153
METHOD_ENTRY	io.netty.util.internal.ObjectUtil#checkNotNullArrayParam(T,int,String):T	26cebfcad058770a2121	413	1768	2192	276
METHOD_ENTRY	io.netty.util.internal.ObjectUtil#checkPositive(int,String):int	2466bc8c3f88aa07835c	413	1741	2165	164
METHOD_EXIT	io.netty.util.internal.ObjectUtil#checkPositive(int,String):int	66ee495d24abc9b0f431	455	1818	2284	261
METHOD_ENTRY	io.netty.util.internal.ReferenceCountUpdater#getUnsafeOffset(Class<? extends ReferenceCounted>,String):long	55b355e4b5f4a42534b6	413	819	1243	285
METHOD_ENTRY	io.netty.util.internal.ObjectUtil#checkPositive(long,String):long	aeb2397c724b017f346f	413	1741	2165	197
METHOD_EXIT	io.netty.util.internal.ObjectUtil#checkPositive(long,String):long	5e20da127154c1781edf	455	1818	2284	207
METHOD_ENTRY	io.netty.util.internal.ObjectUtil#checkPositive(double,String):double	799a6e053695adeb967e	413	1743	2167	281
METHOD_EXIT	io.netty.util.internal.ObjectUtil#checkPositive(double,String):double	9150edeab8c706ddb756	455	1820	2286	290
METHOD_EXIT	io.netty.util.internal.ObjectUtil#checkNotNullArrayParam(T,int,String):T	0042ce2c0467f5e6915c	455	1845	2311	274
METHOD_ENTRY	io.netty.util.internal.ObjectUtil#checkPositive(float,String):float	d59e8287b6b0ec041f32	413	1743	2167	231
METHOD_ENTRY	io.netty.util.internal.ObjectUtil#checkPositive(short,String):short	0b064986517886de2007	413	1741	2165	121
METHOD_ENTRY	io.netty.util.internal.ObjectUtil#checkPositiveOrZero(int,String):int	0ad215781ef48f3d1c62	413	1745	2169	270
METHOD_EXIT	io.netty.util.internal.ObjectUtil#checkPositive(short,String):short	e3a4e37f09f8476354a5	455	1818	2284	201
METHOD_EXIT	io.netty.util.internal.ObjectUtil#checkPositiveOrZero(int,String):int	b119bf0f3e7fe7a902f2	455	1822	2288	168
METHOD_EXIT	io.netty.util.internal.ObjectUtil#checkPositiveOrZero(long,String):long	f668fb2ca6c7e94befd5	455	1822	2288	223
METHOD_ENTRY	io.netty.util.internal.ObjectUtil#checkPositiveOrZero(double,String):double	dfb8cbeb7046f2e2a97e	413	1747	2171	165
METHOD_EXIT	io.netty.util.internal.ObjectUtil#checkPositiveOrZero(double,String):double	8fb5b406ef102ba384e2	455	1824	2290	186
METHOD_ENTRY	io.netty.util.internal.ObjectUtil#checkPositiveOrZero(float,String):float	ec60190b31661cb177a4	413	1747	2171	187
METHOD_EXIT	io.netty.util.internal.ObjectUtil#checkPositiveOrZero(float,String):float	aa69ff0aeb3d3cb09c43	455	1824	2290	308
METHOD_EXIT	io.netty.util.internal.ObjectUtil#checkNotNullWithIAE(T,String):T	6dad86876bbc487ce1f3	455	1833	2299	291
METHOD_ENTRY	io.netty.util.internal.ObjectUtil#checkPositiveOrZero(long,String):long	4be1c1f71a989893caa5	413	1745	2169	269
METHOD_ENTRY	io.netty.util.internal.ObjectUtil#checkInRange(int,int,int,String):int	67c8479bfb80aae18338	413	1768	2192	146
METHOD_EXIT	io.netty.util.internal.ObjectUtil#checkInRange(int,int,int,String):int	00705b5c9e32ecc02788	455	1845	2311	269
METHOD_ENTRY	io.netty.util.internal.ObjectUtil#checkInRange(double,double,double,String):double	29aeaa62c44c2e06e9b2	413	1768	2192	224
METHOD_EXIT	io.netty.util.internal.ObjectUtil#checkInRange(long,long,long,String):long	cfa3c4672595a17b10bc	455	1845	2311	219
METHOD_ENTRY	io.netty.util.internal.ObjectUtil#checkNonEmpty(byte[],String):byte[]	083171eca6cf5ac4b917	413	1759	2183	273
METHOD_EXIT	io.netty.util.internal.ObjectUtil#checkNonEmpty(T[],String):T[]	d44b77aa3197a8965dfa	455	1839	2305	277
METHOD_ENTRY	io.netty.util.internal.ObjectUtil#checkNonEmpty(T[],String):T[]	a7edb60d4ad1c67b892a	413	1762	2186	238
METHOD_EXIT	io.netty.util.internal.ObjectUtil#checkNonEmpty(byte[],String):byte[]	4f1a260d7117fab6dc36	455	1836	2302	301
METHOD_ENTRY	io.netty.util.internal.ObjectUtil#checkInRange(long,long,long,String):long	33469742fde4ec8ee919	413	1768	2192	234
METHOD_EXIT	io.netty.util.internal.ObjectUtil#checkPositive(float,String):float	bd41c3c31d48a6e9cc14	455	1820	2286	274
METHOD_ENTRY	io.netty.util.internal.ObjectUtil#checkNonEmpty(char[],String):char[]	c373fa2fb80f36b85d05	413	1759	2183	232
METHOD_ENTRY	io.netty.util.internal.ObjectUtil#checkNonEmpty(T,String):T	debdf8a904419b019d04	413	1758	2182	159
METHOD_EXIT	io.netty.util.internal.ObjectUtil#checkNonEmpty(char[],String):char[]	e983a2a33c099262883a	455	1836	2302	296
METHOD_EXIT	io.netty.util.internal.ObjectUtil#checkNonEmpty(T,String):T	55c0f2b3bf8c4d1e7dd5	455	1835	2301	314
METHOD_ENTRY	io.netty.util.internal.ObjectUtil#checkNonEmpty(String,String):String	69597dc03aa7f8afa122	413	1746	2170	255
METHOD_ENTRY	io.netty.util.internal.ObjectUtil#checkNonEmpty(CharSequence,String):CharSequence	59a3c85f66722b14e7b9	413	1754	2178	297
METHOD_EXIT	io.netty.util.internal.ObjectUtil#checkNonEmpty(CharSequence,String):CharSequence	521caa6e6de79895bce7	455	1832	2298	325
METHOD_EXIT	io.netty.util.internal.ObjectUtil#checkNonEmpty(T,String):T	55c0f2b3bf8c4d1e7dd5	455	1835	2301	314
METHOD_EXIT	io.netty.util.internal.ObjectUtil#checkNonEmpty(String,String):String	8547c17b9e18096fe9a5	455	1823	2289	294
METHOD_ENTRY	io.netty.util.internal.ObjectUtil#checkNonEmptyAfterTrim(String,String):String	00195977241c217413f5	413	1735	2159	276
METHOD_EXIT	io.netty.util.internal.ObjectUtil#checkNonEmptyAfterTrim(String,String):String	43ec7eb4076d4913214a	455	1812	2278	242
METHOD_ENTRY	io.netty.util.internal.ObjectUtil#checkNonEmpty(T,String):T	debdf8a904419b019d04	413	1758	2182	159
METHOD_ENTRY	io.netty.util.internal.Hidden#applyTo(BlockHound.Builder):void	20df51e53d2c838b04c5	413	1410	1834	248
METHOD_ENTRY	io.netty.util.internal.ObjectUtil#intValue(Integer,int):int	c5658c3db8c8d88f298b	413	1717	2141	226
METHOD_EXIT	io.netty.util.internal.ObjectUtil#intValue(Integer,int):int	874113e1387cfc0d7c76	455	1794	2260	240
METHOD_ENTRY	io.netty.util.internal.ObjectUtil#longValue(Long,long):long	4be798aedd139bd2865b	413	1717	2141	166
METHOD_EXIT	io.netty.util.internal.Hidden#applyTo(BlockHound.Builder):void	348d98eb64026e4fa153	455	1421	1887	203
METHOD_ENTRY	io.netty.util.internal.Hidden#test(Thread):boolean	726655d500840d4257b0	413	386	810	5
METHOD_EXIT	io.netty.util.internal.Hidden#test(Thread):boolean	95ddd83482f82c747918	455	397	863	232
METHOD_EXIT	io.netty.util.internal.ObjectUtil#checkInRange(double,double,double,String):double	2c42b7638f7a0e9dd41e	455	1845	2311	231
METHOD_EXIT	io.netty.util.internal.Hidden#apply(Predicate<Thread>):Predicate<Thread>	04d551fc3e1aa06c6c8e	455	403	869	302
METHOD_ENTRY	io.netty.util.internal.Hidden#compareTo(BlockHoundIntegration):int	912129c2e3c032b1987c	413	420	844	95
METHOD_EXIT	io.netty.util.internal.Hidden#compareTo(BlockHoundIntegration):int	1989238424f66d205b74	455	497	963	48
METHOD_ENTRY	io.netty.util.internal.NettyBlockHoundIntegration#applyTo(BlockHound.Builder):void	d76b946e0620598cd277	413	1391	1815	246
METHOD_EXIT	io.netty.util.internal.NettyBlockHoundIntegration#applyTo(BlockHound.Builder):void	fe870209fe7d48b832cb	455	1402	1868	321
METHOD_EXIT	io.netty.util.internal.NettyBlockHoundIntegration#apply(Predicate<Thread>):Predicate<Thread>	59214d87664d33daaa84	455	387	853	53
METHOD_ENTRY	io.netty.util.internal.NettyBlockHoundIntegration#test(Thread):boolean	fc1f8ecc1314c4779ed1	413	370	794	5
METHOD_EXIT	io.netty.util.internal.NettyBlockHoundIntegration#test(Thread):boolean	0ebcb769f9f3a57150e5	455	381	847	62
METHOD_ENTRY	io.netty.util.internal.VarHandleReferenceCountUpdater#safeInitializeRawRefCnt(T,int):void	c684f3baa7a7c2424bff	413	529	953	198
METHOD_ENTRY	io.netty.util.internal.NettyBlockHoundIntegration#apply(Predicate<Thread>):Predicate<Thread>	ce6bc776394fcc6bb7e0	413	376	800	5
METHOD_ENTRY	io.netty.util.internal.NettyBlockHoundIntegration#compareTo(BlockHoundIntegration):int	812af58e6a11accb7d63	413	401	825	204
METHOD_EXIT	io.netty.util.internal.NettyBlockHoundIntegration#compareTo(BlockHoundIntegration):int	da127dfa2bbbe76ef28b	455	478	944	70
METHOD_EXIT	io.netty.util.internal.ObjectUtil#longValue(Long,long):long	1b389f5e798a5ce43d0a	455	1794	2260	262
METHOD_EXIT	io.netty.util.internal.VarHandleReferenceCountUpdater#safeInitializeRawRefCnt(T,int):void	e5d1b150ae093e420df6	455	540	1006	291
METHOD_ENTRY	io.netty.util.internal.VarHandleReferenceCountUpdater#getAndAddRawRefCnt(T,int):int	ba6b54862db6dfed47f6	413	536	960	139
METHOD_EXIT	io.netty.util.internal.VarHandleReferenceCountUpdater#getAndAddRawRefCnt(T,int):int	8b444a34c078efca1c44	455	613	1079	264
METHOD_EXIT	io.netty.util.internal.VarHandleReferenceCountUpdater#getRawRefCnt(T):int	5796e5fd3f1380093d13	455	593	1059	164
METHOD_ENTRY	io.netty.util.internal.VarHandleReferenceCountUpdater#getAcquireRawRefCnt(T):int	6637159ebd566434f0b6	413	519	943	252
METHOD_EXIT	io.netty.util.internal.VarHandleReferenceCountUpdater#setReleaseRawRefCnt(T,int):void	0b1b641a2af3e74f817a	455	537	1003	214
METHOD_ENTRY	io.netty.util.internal.VarHandleReferenceCountUpdater#casRawRefCnt(T,int,int):boolean	47ab28af5240cc993354	413	538	962	180
METHOD_EXIT	io.netty.util.internal.VarHandleReferenceCountUpdater#getAcquireRawRefCnt(T):int	9e92c4e211eeb77a4053	455	596	1062	246
METHOD_ENTRY	io.netty.util.internal.PromiseNotificationUtil#tryCancel(Promise<?>,InternalLogger):void	5788cf57d83fa7b5237c	413	636	1060	248
METHOD_ENTRY	io.netty.util.internal.VarHandleReferenceCountUpdater#setReleaseRawRefCnt(T,int):void	9e62b559b42da52bcacf	413	526	950	92
METHOD_EXIT	io.netty.util.internal.PromiseNotificationUtil#tryCancel(Promise<?>,InternalLogger):void	c1e4bf683c398c121891	455	647	1113	318
METHOD_EXIT	io.netty.util.internal.VarHandleReferenceCountUpdater#casRawRefCnt(T,int,int):boolean	5ccbd2f6e9d911e0508e	455	615	1081	229
METHOD_ENTRY	io.netty.util.internal.PromiseNotificationUtil#trySuccess(Promise<? super V>,V,InternalLogger):void	1bb9ebca8d48d1a90700	413	724	1148	252
METHOD_EXIT	io.netty.util.internal.PromiseNotificationUtil#trySuccess(Promise<? super V>,V,InternalLogger):void	d0f41ce3a551ba85b87f	455	735	1201	263
METHOD_ENTRY	io.netty.util.internal.VarHandleReferenceCountUpdater#getRawRefCnt(T):int	e1513b4f05378662b333	413	516	940	244
METHOD_ENTRY	io.netty.util.internal.PromiseNotificationUtil#tryFailure(Promise<?>,Throwable,InternalLogger):void	67d510429f621fb41e3f	413	663	1087	214
METHOD_EXIT	io.netty.util.internal.PromiseNotificationUtil#tryFailure(Promise<?>,Throwable,InternalLogger):void	2ede192af86c0cc1532a	455	674	1140	275
METHOD_ENTRY	io.netty.util.internal.SocketUtils#empty():Enumeration<T>	6348191ccbae5ba38873	413	659	1083	40
METHOD_EXIT	io.netty.util.internal.SocketUtils#empty():Enumeration<T>	cf105580cd0bc16139ed	455	734	1200	267
METHOD_EXIT	io.netty.util.internal.SocketUtils#run():Void	27795c679160d7aa040c	455	637	1103	58
METHOD_ENTRY	io.netty.util.internal.SocketUtils#connect(Socket,SocketAddress,int):void	380e8dca4c4f9fab242d	413	740	1164	248
METHOD_ENTRY	io.netty.util.internal.SocketUtils#bind(Socket,SocketAddress):void	08f08050b2b1a5ff7512	413	727	1151	199
METHOD_ENTRY	io.netty.util.internal.Hidden#apply(Predicate<Thread>):Predicate<Thread>	21459df54561ff450db7	413	392	816	75
METHOD_EXIT	io.netty.util.internal.SocketUtils#bind(Socket,SocketAddress):void	e741f4b4f6f7a141076e	455	738	1204	251
METHOD_ENTRY	io.netty.util.internal.SocketUtils#run():Void	d9e2fe8c59648284718c	413	626	1050	5
METHOD_EXIT	io.netty.util.internal.SocketUtils#run():Void	27795c679160d7aa040c	455	637	1103	58
METHOD_ENTRY	io.netty.util.internal.SocketUtils#connect(SocketChannel,SocketAddress):boolean	4f9456df818fbf1a6251	413	732	1156	193
METHOD_EXIT	io.netty.util.internal.SocketUtils#connect(SocketChannel,SocketAddress):boolean	169d858091f9eae318b5	455	809	1275	304
METHOD_EXIT	io.netty.util.internal.SocketUtils#connect(Socket,SocketAddress,int):void	fa6218b6b3c374b54c3a	455	751	1217	247
METHOD_EXIT	io.netty.util.internal.SocketUtils#run():Boolean	e805855a8e88ea716648	455	637	1103	96
METHOD_ENTRY	io.netty.util.internal.SocketUtils#bind(SocketChannel,SocketAddress):void	50e8283a0b9aafaa5f6c	413	730	1154	243
METHOD_EXIT	io.netty.util.internal.SocketUtils#bind(SocketChannel,SocketAddress):void	77b5b68f6b4cae873924	455	741	1207	238
METHOD_ENTRY	io.netty.util.internal.SocketUtils#run():Void	d9e2fe8c59648284718c	413	626	1050	5
METHOD_EXIT	io.netty.util.internal.SocketUtils#run():Void	27795c679160d7aa040c	455	637	1103	58
METHOD_ENTRY	io.netty.util.internal.SocketUtils#accept(ServerSocketChannel):SocketChannel	a8987789b7a1540bf10c	413	724	1148	256
METHOD_ENTRY	io.netty.util.internal.SocketUtils#run():Void	d9e2fe8c59648284718c	413	626	1050	5
METHOD_EXIT	io.netty.util.internal.SocketUtils#accept(ServerSocketChannel):SocketChannel	52e9e6b88bac258d2fb7	455	802	1268	271
METHOD_ENTRY	io.netty.util.internal.SocketUtils#run():SocketChannel	9b23de1189d9b7b247d9	413	627	1051	5
METHOD_EXIT	io.netty.util.internal.SocketUtils#run():SocketChannel	8a37ca8051cdf58f2249	455	638	1104	195
METHOD_ENTRY	io.netty.util.internal.SocketUtils#bind(DatagramChannel,SocketAddress):void	bcb90fdc8a59524084ef	413	732	1156	237
METHOD_ENTRY	io.netty.util.internal.SocketUtils#run():Void	d9e2fe8c59648284718c	413	626	1050	5
METHOD_EXIT	io.netty.util.internal.SocketUtils#bind(DatagramChannel,SocketAddress):void	357725f738a979751eba	455	743	1209	320
METHOD_ENTRY	io.netty.util.internal.SocketUtils#localSocketAddress(ServerSocket):SocketAddress	05324b30eea528e3c373	413	692	1116	257
METHOD_EXIT	io.netty.util.internal.SocketUtils#localSocketAddress(ServerSocket):SocketAddress	7a57106036df5fd78dbf	455	770	1236	278
METHOD_ENTRY	io.netty.util.internal.SocketUtils#run():SocketAddress	e158fd184eddd6e45c20	413	627	1051	5
METHOD_EXIT	io.netty.util.internal.SocketUtils#run():SocketAddress	9eba6824a700d8517e65	455	638	1104	139
METHOD_ENTRY	io.netty.util.internal.SocketUtils#run():Boolean	f454527e6cffef9cb0bd	413	626	1050	222
METHOD_ENTRY	io.netty.util.internal.SocketUtils#run():InetAddress	d4c983a546bb7014bfe4	413	627	1051	57
METHOD_EXIT	io.netty.util.internal.SocketUtils#addressByName(String):InetAddress	680d0cb95ebd4273e77a	455	805	1271	242
METHOD_EXIT	io.netty.util.internal.SocketUtils#run():InetAddress	8048d5207d453839a321	455	638	1104	254
METHOD_ENTRY	io.netty.util.internal.SocketUtils#allAddressesByName(String):InetAddress[]	29df071c852fb719b701	413	734	1158	306
METHOD_EXIT	io.netty.util.internal.SocketUtils#allAddressesByName(String):InetAddress[]	cf75c95ec4ae01d86f8a	455	812	1278	288
METHOD_EXIT	io.netty.util.internal.SocketUtils#run():InetAddress[]	cb458f82519f1413420b	455	639	1105	295
METHOD_ENTRY	io.netty.util.internal.SocketUtils#socketAddress(String,int):InetSocketAddress	5eac20705080a28cb35a	413	704	1128	190
METHOD_EXIT	io.netty.util.internal.SocketUtils#socketAddress(String,int):InetSocketAddress	191aaa207b29f5252a52	455	783	1249	333
METHOD_ENTRY	io.netty.util.internal.SocketUtils#run():InetSocketAddress	cb1744c26ddedb2b9706	413	628	1052	5
METHOD_EXIT	io.netty.util.internal.SocketUtils#run():InetSocketAddress	b85bce671bb51ed8f6d7	455	639	1105	297
METHOD_EXIT	io.netty.util.internal.SocketUtils#run():Void	27795c679160d7aa040c	455	637	1103	58
METHOD_ENTRY	io.netty.util.internal.SocketUtils#addressesFromNetworkInterface(NetworkInterface):Enumeration<InetAddress>	1159f8465425bed2e48a	413	781	1205	251
METHOD_ENTRY	io.netty.util.internal.SocketUtils#run():Enumeration<InetAddress>	67625805aceba4d49dd8	413	630	1054	116
METHOD_EXIT	io.netty.util.internal.SocketUtils#addressesFromNetworkInterface(NetworkInterface):Enumeration<InetAddress>	711fd80b5de8e3d4de34	455	861	1327	186
METHOD_EXIT	io.netty.util.internal.SocketUtils#run():Enumeration<InetAddress>	921fce5a92c0448a7d26	455	641	1107	216
METHOD_ENTRY	io.netty.util.internal.SocketUtils#addressByName(String):InetAddress	c94af11f8f2df3efdace	413	727	1151	257
METHOD_ENTRY	io.netty.util.internal.SocketUtils#run():InetAddress	d4c983a546bb7014bfe4	413	627	1051	57
METHOD_ENTRY	io.netty.util.internal.SocketUtils#loopbackAddress():InetAddress	4762b894f3e0a5fedb50	413	684	1108	215
METHOD_EXIT	io.netty.util.internal.SocketUtils#run():InetAddress	8048d5207d453839a321	455	638	1104	254
METHOD_ENTRY	io.netty.util.internal.SocketUtils#hardwareAddressFromNetworkInterface(NetworkInterface):byte[]	bdb38d3d023a1a53a77c	413	730	1154	257
METHOD_EXIT	io.netty.util.internal.SocketUtils#hardwareAddressFromNetworkInterface(NetworkInterface):byte[]	1ca778aa070686e73472	455	807	1273	318
METHOD_ENTRY	io.netty.util.internal.SocketUtils#run():byte[]	c4d4d5bdfe64605ce26f	413	627	1051	82
METHOD_EXIT	io.netty.util.internal.SocketUtils#run():byte[]	202209d18af1be3bc4d5	455	638	1104	291
METHOD_ENTRY	io.netty.util.internal.SocketUtils#run():InetAddress[]	5e8f5e170d99767e4eda	413	628	1052	39
METHOD_EXIT	io.netty.util.internal.SocketUtils#loopbackAddress():InetAddress	3b6bde2b995e65476c77	455	759	1225	275
METHOD_EXIT	io.netty.util.Recycler#recycle(T):void	2a7e0e4e7f56df30c4d9	455	725	1191	205
METHOD_ENTRY	io.netty.util.Recycler#recycle(T):void	ae85fd1dab9c7bc7a8dc	413	714	1138	228
METHOD_EXIT	io.netty.util.Recycler#unguardedRecycle(Object):void	1c0f130b10f5206370c1	455	733	1199	284
METHOD_ENTRY	io.netty.util.Recycler#unguardedRecycle(Object):void	b615c4249a0a93a5c94f	413	722	1146	170
METHOD_EXIT	io.netty.util.Recycler#initialValue():LocalPool<?, T>	fe32e702efa7d737c752	455	682	1148	315
METHOD_ENTRY	io.netty.util.Recycler#get():T	8aaa90b51e5a49d1b5d7	413	748	1172	242
METHOD_EXIT	io.netty.util.Recycler#get():T	1f9273d99e4e8574690f	455	822	1288	161
METHOD_ENTRY	io.netty.util.Recycler#unpinOwner(Recycler<?>):void	f8c5835ea5b750a32452	413	713	1137	263
METHOD_ENTRY	io.netty.util.Recycler#recycle(T,Handle<T>):boolean	24a0e14939f059a80f42	413	727	1151	264
METHOD_EXIT	io.netty.util.Recycler#unpinOwner(Recycler<?>):void	300c185bb0cabea71977	455	724	1190	154
METHOD_ENTRY	io.netty.util.Recycler#initialValue():LocalPool<?, T>	58fe980614a287ee8a6f	413	671	1095	11105
METHOD_EXIT	io.netty.util.Recycler#recycle(T,Handle<T>):boolean	b6e0a41f5f4f362a939d	455	804	1270	237
METHOD_EXIT	io.netty.util.Recycler#threadLocalSize():int	96263f8b7b1bc0efa490	455	842	1308	375
METHOD_ENTRY	io.netty.util.Recycler#threadLocalSize():int	6fba6d3dab70d8d506b5	413	768	1192	380
METHOD_ENTRY	io.netty.util.Recycler#recycle(Object):void	e407d1351d827332d048	413	720	1144	277
METHOD_EXIT	io.netty.util.Recycler#recycle(Object):void	6196e44a582c436dd746	455	731	1197	222
METHOD_EXIT	io.netty.util.Recycler#unguardedRecycle(Object):void	1c0f130b10f5206370c1	455	733	1199	284
METHOD_ENTRY	io.netty.util.Recycler#claim():T	2bbbd96cb2c6774bdfa5	413	702	1126	205
METHOD_EXIT	io.netty.util.Recycler#claim():T	623ae8a8c99b3ab94d68	455	776	1242	207
METHOD_ENTRY	io.netty.util.Recycler#set(T):void	5f3d341acbf7cb801d30	413	686	1110	265
METHOD_EXIT	io.netty.util.Recycler#set(T):void	3220a3630a8fe289ac84	455	697	1163	315
METHOD_ENTRY	io.netty.util.Recycler#onRemoval(LocalPool<?, T>):void	24c559a81cc98a946047	413	671	1095	273
METHOD_ENTRY	io.netty.util.Recycler#unguardedRecycle(Object):void	b615c4249a0a93a5c94f	413	722	1146	170
METHOD_ENTRY	io.netty.util.Recycler#toAvailable():void	623d3dbc5541b464de83	413	719	1143	148
METHOD_EXIT	io.netty.util.Recycler#toAvailable():void	e21afd04b98e52a8168a	455	730	1196	153
METHOD_ENTRY	io.netty.util.Recycler#unguardedToAvailable():void	97e9d3179c0cb8ac3e52	413	726	1150	73
METHOD_EXIT	io.netty.util.Recycler#unguardedToAvailable():void	01d2f1ff4de0441f3e9e	455	737	1203	278
METHOD_EXIT	io.netty.util.Recycler#onRemoval(LocalPool<?, T>):void	8a1d4e57d8c2343a1baa	455	682	1148	267
METHOD_ENTRY	io.netty.util.Recycler#getWith(Recycler<T>):T	f614895eac4af73fbfd5	413	787	1211	265
METHOD_EXIT	io.netty.util.Recycler#getWith(Recycler<T>):T	48cee812f61ac4f5cdd6	455	864	1330	325
METHOD_ENTRY	io.netty.util.Recycler#createExternalMcPool(int):MessagePassingQueue<H>	06b96c06486697baad95	413	754	1178	225
METHOD_EXIT	io.netty.util.Recycler#createExternalMcPool(int):MessagePassingQueue<H>	12360c75ac10b3ae12d1	455	834	1300	247
METHOD_ENTRY	io.netty.util.Recycler#createExternalScPool(int,int):MessagePassingQueue<H>	0fd11ed6a667db3c3737	413	766	1190	272
METHOD_ENTRY	io.netty.util.Recycler#acquire():H	76317266a1f808937e90	413	785	1209	294
METHOD_ENTRY	io.netty.util.Recycler#getWith(Recycler<T>):T	f614895eac4af73fbfd5	413	787	1211	265
METHOD_EXIT	io.netty.util.Recycler#acquire():H	679b6695531aa952652a	455	859	1325	339
METHOD_ENTRY	io.netty.util.Recycler#release(H):void	94a85ff9f1d2aaa6d571	413	785	1209	52
METHOD_EXIT	io.netty.util.Recycler#release(H):void	e4bfeaf273ed49c7fd74	455	796	1262	316
METHOD_ENTRY	io.netty.util.Recycler#isTerminated(Thread):boolean	3500b96f4cc22212da8b	413	762	1186	322
METHOD_EXIT	io.netty.util.Recycler#isTerminated(Thread):boolean	b698dd8ad116e2f57198	455	839	1305	352
METHOD_ENTRY	io.netty.util.Recycler#canAllocatePooled():boolean	cad94ab952575184f87b	413	741	1165	354
METHOD_EXIT	io.netty.util.Recycler#getWith(Recycler<T>):T	48cee812f61ac4f5cdd6	455	864	1330	325
METHOD_ENTRY	io.netty.util.Recycler#size():int	e11a82e8e6d1b9f30813	413	720	1144	59
METHOD_EXIT	io.netty.util.Recycler#canAllocatePooled():boolean	69246f4372d37eee39a4	455	815	1281	293
METHOD_EXIT	io.netty.util.Recycler#createExternalScPool(int,int):MessagePassingQueue<H>	55755c87cb87c3de95e4	455	846	1312	296
METHOD_EXIT	io.netty.util.Recycler#size():int	089dd97019e7a302f7f0	455	794	1260	304
METHOD_ENTRY	io.netty.util.Recycler#poll():T	2a4f603c6e5021ea301d	413	686	1110	217
METHOD_EXIT	io.netty.util.Recycler#offer(T):boolean	f52420e1c4f4338f8bab	455	786	1252	314
METHOD_ENTRY	io.netty.util.Recycler#offer(T):boolean	55172f6ece3a912921d9	413	709	1133	109
METHOD_EXIT	io.netty.util.Recycler#peek():T	5638ed1c64b8bc8c06dd	455	760	1226	251
METHOD_ENTRY	io.netty.util.Recycler#peek():T	85120c12bbbd0159f68a	413	686	1110	244
METHOD_EXIT	io.netty.util.Recycler#size():int	089dd97019e7a302f7f0	455	794	1260	304
METHOD_ENTRY	io.netty.util.Recycler#clear():void	a22352a92ae24239d4fd	413	685	1109	198
METHOD_ENTRY	io.netty.util.Recycler#isEmpty():boolean	6c3b88a82ddd2bf77d99	413	689	1113	234
METHOD_EXIT	io.netty.util.Recycler#isEmpty():boolean	22ab4c7f2824d923278e	455	763	1229	175
METHOD_EXIT	io.netty.util.Recycler#capacity():int	844cd00f9edf5eb96df8	455	759	1225	151
METHOD_ENTRY	io.netty.util.Recycler#capacity():int	a6ea1b43ad6341a363a3	413	685	1109	159
METHOD_ENTRY	io.netty.util.Recycler#relaxedOffer(T):boolean	3858a54ee655609f67cd	413	693	1117	210
METHOD_EXIT	io.netty.util.Recycler#clear():void	59736cc48879e5f010f6	455	696	1162	110
METHOD_EXIT	io.netty.util.Recycler#relaxedOffer(T):boolean	d2537b9ca5f4574c0ee1	455	770	1236	257
METHOD_ENTRY	io.netty.util.Recycler#relaxedPoll():T	e82bba2655fdb7693c8e	413	687	1111	56
METHOD_EXIT	io.netty.util.Recycler#relaxedPoll():T	2fe0dbf4651817f366aa	455	761	1227	63
METHOD_EXIT	io.netty.util.Recycler#relaxedPeek():T	4147b60d05b9d6be67a5	455	761	1227	198
METHOD_ENTRY	io.netty.util.Recycler#size():int	e11a82e8e6d1b9f30813	413	720	1144	59
METHOD_EXIT	io.netty.util.Recycler#drain(Consumer<T>,int):int	5615809647b8abc8ca5e	455	819	1285	277
METHOD_ENTRY	io.netty.util.Recycler#drain(Consumer<T>,int):int	dffb4a579bebe2ce8c62	413	742	1166	290
METHOD_EXIT	io.netty.util.Recycler#poll():T	cbb4a745e6655396b110	455	760	1226	166
METHOD_ENTRY	io.netty.util.Recycler#fill(Supplier<T>,int):int	d89f26b8817e80925ff6	413	708	1132	151
METHOD_ENTRY	io.netty.util.Recycler#relaxedPeek():T	e19bc4d219a06a1c60b9	413	687	1111	77
METHOD_ENTRY	io.netty.util.Recycler#drain(Consumer<T>):int	7848508d611c6563b185	413	699	1123	109
METHOD_ENTRY	io.netty.util.Recycler#fill(Supplier<T>):int	ff6003087b5af12ebf53	413	698	1122	124
METHOD_EXIT	io.netty.util.Recycler#drain(Consumer<T>,WaitStrategy,ExitCondition):void	ff00e4df821cde838292	455	736	1202	233
METHOD_EXIT	io.netty.util.Recycler#fill(Supplier<T>,int):int	c32a72ac324852573e77	455	785	1251	245
METHOD_ENTRY	io.netty.util.Recycler#drain(Consumer<T>,WaitStrategy,ExitCondition):void	4ce442f79e51b1ad4a58	413	725	1149	273
METHOD_ENTRY	io.netty.util.LocalPoolHandle#recycle(T):void	681f1253ae336bb0957e	413	410	834	146
METHOD_ENTRY	io.netty.util.Recycler#fill(Supplier<T>,WaitStrategy,ExitCondition):void	63b43c50de3ffe44082a	413	724	1148	185
METHOD_EXIT	io.netty.util.Recycler#fill(Supplier<T>):int	2d28aae4886c1e792d79	455	775	1241	288
METHOD_EXIT	io.netty.util.Recycler#fill(Supplier<T>,WaitStrategy,ExitCondition):void	59d0ed31c5d4a023dbbb	455	735	1201	274
METHOD_EXIT	io.netty.util.LocalPoolHandle#recycle(T):void	e0c5fd2da8ced212a903	455	421	887	210
METHOD_EXIT	io.netty.util.Recycler#drain(Consumer<T>):int	b6045a25ed326a731d94	455	776	1242	292
METHOD_EXIT	io.netty.util.LocalPoolHandle#unguardedRecycle(Object):void	3a3b5def91dd232db0bc	455	429	895	411
METHOD_ENTRY	io.netty.util.DefaultHandle#recycle(Object):void	7bdc66cfbe90d35a582a	413	415	839	175
METHOD_EXIT	io.netty.util.DefaultHandle#recycle(Object):void	7bf9a555c288c946e092	455	426	892	144
METHOD_EXIT	io.netty.util.DefaultHandle#unguardedRecycle(Object):void	48927800726de11ff0e1	455	428	894	205
METHOD_ENTRY	io.netty.util.DefaultHandle#claim():T	1a1e423ee66fd68431dd	413	397	821	140
METHOD_ENTRY	io.netty.util.LocalPoolHandle#unguardedRecycle(Object):void	d823a9a0bd3ae0e4d2c0	413	418	842	269
METHOD_ENTRY	io.netty.util.DefaultHandle#set(T):void	70bae696c92e2adf3ca2	413	381	805	98
METHOD_EXIT	io.netty.util.DefaultHandle#set(T):void	a96da413bfa025ae1799	455	392	858	211
METHOD_ENTRY	io.netty.util.DefaultHandle#toAvailable():void	d05b038d12056e6b8654	413	414	838	174
METHOD_ENTRY	io.netty.util.DefaultHandle#unguardedToAvailable():void	82c625597a1cc0e12fb5	413	421	845	99
METHOD_ENTRY	io.netty.util.DefaultHandle#unguardedRecycle(Object):void	a5467a0df76924ec6235	413	417	841	195
METHOD_ENTRY	io.netty.util.GuardedLocalPool#getWith(Recycler<T>):T	7429f32343b6d6535df7	413	484	908	230
METHOD_EXIT	io.netty.util.GuardedLocalPool#getWith(Recycler<T>):T	78164f075724a4988eb0	455	561	1027	253
METHOD_EXIT	io.netty.util.DefaultHandle#unguardedToAvailable():void	deec540ca73f969c6e68	455	432	898	296
METHOD_ENTRY	io.netty.util.UnguardedLocalPool#getWith(Recycler<T>):T	ef9e3aeda1d4d3f95396	413	485	909	211
METHOD_ENTRY	io.netty.util.LocalPool#createExternalScPool(int,int):MessagePassingQueue<H>	e07cae14821b8ac2980a	413	461	885	227
METHOD_EXIT	io.netty.util.UnguardedLocalPool#getWith(Recycler<T>):T	97a5cca68829b06b83ad	455	562	1028	301
METHOD_EXIT	io.netty.util.LocalPool#createExternalMcPool(int):MessagePassingQueue<H>	8ce58c31f71578bf19b8	455	529	995	301
METHOD_EXIT	io.netty.util.DefaultHandle#toAvailable():void	c99eed939f3711c7a065	455	425	891	206
METHOD_EXIT	io.netty.util.DefaultHandle#claim():T	bef76a5ee552d907116d	455	471	937	207
METHOD_ENTRY	io.netty.util.LocalPool#createExternalMcPool(int):MessagePassingQueue<H>	2b8d8692f38ebede2ba2	413	449	873	183
METHOD_EXIT	io.netty.util.LocalPool#acquire():H	bdad7e741e7c39e08ed0	455	554	1020	357
METHOD_EXIT	io.netty.util.LocalPool#createExternalScPool(int,int):MessagePassingQueue<H>	4e103d7a084be979b63c	455	541	1007	209
METHOD_ENTRY	io.netty.util.LocalPool#acquire():H	e4df1e611c2c94170ace	413	480	904	329
METHOD_EXIT	io.netty.util.LocalPool#canAllocatePooled():boolean	390b29e9692309a3d8ac	455	510	976	334
METHOD_ENTRY	io.netty.util.LocalPool#isTerminated(Thread):boolean	c95554a0d8c4883ff68d	413	457	881	261
METHOD_ENTRY	io.netty.util.LocalPool#release(H):void	7a4eb10d1e1281298a25	413	480	904	284
METHOD_EXIT	io.netty.util.LocalPool#isTerminated(Thread):boolean	156e3c8f88292af68367	455	534	1000	362
METHOD_ENTRY	io.netty.util.LocalPool#size():int	32b085e1d87e29d0dc71	413	415	839	287
METHOD_EXIT	io.netty.util.LocalPool#release(H):void	946895bdb2ab6ac88142	455	491	957	376
METHOD_ENTRY	io.netty.util.BlockingMessageQueue#offer(T):boolean	faf85fe85e7018e3c990	413	406	830	249
METHOD_EXIT	io.netty.util.BlockingMessageQueue#poll():T	008b08cfaf03f66e9eae	455	457	923	331
METHOD_ENTRY	io.netty.util.LocalPool#canAllocatePooled():boolean	301e949221e798211e65	413	436	860	238
METHOD_EXIT	io.netty.util.LocalPool#size():int	87a5dbe3d77662b31e29	455	489	955	308
METHOD_EXIT	io.netty.util.BlockingMessageQueue#offer(T):boolean	8b0663406f32b15cfe3b	455	483	949	277
METHOD_ENTRY	io.netty.util.BlockingMessageQueue#peek():T	fdb89e9cdbaea7a6c497	413	383	807	232
METHOD_ENTRY	io.netty.util.BlockingMessageQueue#poll():T	6284b9210b9a705483ef	413	383	807	61
METHOD_ENTRY	io.netty.util.BlockingMessageQueue#size():int	f0bb9c2381843c05e67c	413	417	841	211
METHOD_EXIT	io.netty.util.BlockingMessageQueue#size():int	de95da5f709eb5096136	455	491	957	275
METHOD_EXIT	io.netty.util.BlockingMessageQueue#clear():void	0487f570c98177a5d9eb	455	393	859	150
METHOD_ENTRY	io.netty.util.BlockingMessageQueue#isEmpty():boolean	82bd48663238c423b93f	413	386	810	168
METHOD_ENTRY	io.netty.util.BlockingMessageQueue#capacity():int	e313877f6f65efd53611	413	382	806	81
METHOD_EXIT	io.netty.util.BlockingMessageQueue#capacity():int	1e4d4281b6caa02e923f	455	456	922	43
METHOD_EXIT	io.netty.util.BlockingMessageQueue#peek():T	4817f76a5fdc9e60c810	455	457	923	181
METHOD_EXIT	io.netty.util.BlockingMessageQueue#relaxedOffer(T):boolean	01ef2a3979f0e11638cb	455	467	933	44
METHOD_ENTRY	io.netty.util.BlockingMessageQueue#relaxedOffer(T):boolean	364da15f86256f940c76	413	390	814	212
METHOD_ENTRY	io.netty.util.BlockingMessageQueue#relaxedPoll():T	f07305dd1901d49e316b	413	384	808	5
METHOD_EXIT	io.netty.util.BlockingMessageQueue#relaxedPoll():T	632a27e23c5d64468bb4	455	458	924	75
METHOD_ENTRY	io.netty.util.BlockingMessageQueue#relaxedPeek():T	b650f40124ec188fc651	413	384	808	5
METHOD_EXIT	io.netty.util.BlockingMessageQueue#isEmpty():boolean	91e700ad774fb5cb615d	455	460	926	261
METHOD_ENTRY	io.netty.util.BlockingMessageQueue#drain(Consumer<T>,int):int	ddc2135aca4799e0d9e9	413	439	863	93
METHOD_ENTRY	io.netty.util.BlockingMessageQueue#clear():void	83c4f3124d3de250988a	413	382	806	143
METHOD_EXIT	io.netty.util.BlockingMessageQueue#drain(Consumer<T>,int):int	269d0a12524f33f9acac	455	516	982	322
METHOD_ENTRY	io.netty.util.BlockingMessageQueue#fill(Supplier<T>,int):int	b88dab3ccc308a99508e	413	405	829	85
METHOD_EXIT	io.netty.util.BlockingMessageQueue#fill(Supplier<T>,int):int	e73605ea74b180b0bd9a	455	482	948	249
METHOD_ENTRY	io.netty.util.BlockingMessageQueue#drain(Consumer<T>):int	acecc15838dd30e3028c	413	396	820	149
METHOD_ENTRY	io.netty.util.BlockingMessageQueue#fill(Supplier<T>):int	6a001e2642752fd71929	413	395	819	257
METHOD_EXIT	io.netty.util.BlockingMessageQueue#relaxedPeek():T	b578c7426850a24262a5	455	458	924	88
METHOD_EXIT	io.netty.util.BlockingMessageQueue#drain(Consumer<T>,WaitStrategy,ExitCondition):void	c9ac92efc6c8de57a41c	455	433	899	183
METHOD_EXIT	io.netty.util.BlockingMessageQueue#drain(Consumer<T>):int	7581470eb822c67b3584	455	473	939	58
METHOD_ENTRY	io.netty.util.Signal#valueOf(String):Signal	6ddcab8cafae22d07c23	413	636	1060	238
METHOD_ENTRY	io.netty.util.BlockingMessageQueue#drain(Consumer<T>,WaitStrategy,ExitCondition):void	3106d9edc1f952522d23	413	422	846	242
METHOD_ENTRY	io.netty.util.BlockingMessageQueue#fill(Supplier<T>,WaitStrategy,ExitCondition):void	581f55d2eda3350eabc7	413	421	845	1001
METHOD_EXIT	io.netty.util.Signal#valueOf(String):Signal	64002dff63eb361a2aae	455	713	1179	210
METHOD_EXIT	io.netty.util.BlockingMessageQueue#fill(Supplier<T>):int	cd0ad5ef1a4faaf89c69	455	472	938	86
METHOD_ENTRY	io.netty.util.Signal#newConstant(int,String):Signal	c5fbea542172d09a82ca	413	613	1037	152
METHOD_EXIT	io.netty.util.Signal#newConstant(int,String):Signal	dfdd34a45ddaddc5c2df	455	624	1090	259
METHOD_EXIT	io.netty.util.Signal#valueOf(Class<?>,String):Signal	b82764791e07f09c2eca	455	740	1206	234
METHOD_ENTRY	io.netty.util.Signal#expect(Signal):void	398da365758524c363bd	413	652	1076	266
METHOD_ENTRY	io.netty.util.Signal#initCause(Throwable):Throwable	2ff8f1b059f3fea025e0	413	635	1059	239
METHOD_ENTRY	io.netty.util.Signal#valueOf(Class<?>,String):Signal	babee009edf38b9a2b64	413	663	1087	340
METHOD_ENTRY	io.netty.util.Signal#id():int	dc6bf3aa688772f131f4	413	629	1053	112
METHOD_EXIT	io.netty.util.Signal#fillInStackTrace():Throwable	4b8203fa909389e2560e	455	708	1174	165
METHOD_ENTRY	io.netty.util.Signal#fillInStackTrace():Throwable	1d6690ed74754d6f3ea9	413	634	1058	265
METHOD_EXIT	io.netty.util.BlockingMessageQueue#fill(Supplier<T>,WaitStrategy,ExitCondition):void	599f4276b3b11a90b5f1	455	432	898	224
METHOD_EXIT	io.netty.util.Signal#id():int	af0b2aad6d5c72a62968	455	703	1169	202
METHOD_EXIT	io.netty.util.Signal#initCause(Throwable):Throwable	09917ae7befce1dda0e7	455	712	1178	159
METHOD_EXIT	io.netty.util.Signal#name():String	237e8fcdb96ca720a18c	455	703	1169	259
METHOD_EXIT	io.netty.util.Signal#expect(Signal):void	ab72e95091cecd623b0a	455	663	1129	261
METHOD_ENTRY	io.netty.util.Signal#equals(Object):boolean	37472bd4c4e68dce2ce5	413	635	1059	287
METHOD_EXIT	io.netty.util.Signal#hashCode():int	f51aec8db20fee475643	455	708	1174	130
METHOD_ENTRY	io.netty.util.Signal#hashCode():int	bbe6c2d83484b5d138d6	413	634	1058	251
METHOD_ENTRY	io.netty.util.Signal#name():String	ea2a3bdd4c4b9fc4b71c	413	629	1053	108
METHOD_EXIT	io.netty.util.Signal#equals(Object):boolean	5d1d0e48a1a862f820a7	455	712	1178	208
METHOD_EXIT	io.netty.util.Signal#compareTo(Signal):int	5796d48a683b6258f408	455	733	1199	305
METHOD_ENTRY	io.netty.util.Signal#toString():String	80d0fa0671c367430c10	413	630	1054	232
METHOD_EXIT	io.netty.util.Signal#toString():String	c9a5b8bd972263761c7f	455	704	1170	153
METHOD_ENTRY	io.netty.util.DomainNameMappingBuilder#build():DomainNameMapping<V>	3c8ce807aa5e70c5cf39	413	660	1084	207
METHOD_ENTRY	io.netty.util.DomainNameMappingBuilder#add(String,V):DomainNameMappingBuilder<V>	ad96b001372d55d374a6	413	686	1110	227
METHOD_ENTRY	io.netty.util.DomainNameMappingBuilder#add(String,V):DomainNameMapping<V>	e54d3d598115229f81e3	413	688	1112	198
METHOD_EXIT	io.netty.util.DomainNameMappingBuilder#add(String,V):DomainNameMappingBuilder<V>	68e829e6fc24b829e5cc	455	767	1233	247
METHOD_EXIT	io.netty.util.DomainNameMappingBuilder#add(String,V):DomainNameMapping<V>	f12a1db1a16f53cb2885	455	768	1234	275
METHOD_ENTRY	io.netty.util.DomainNameMappingBuilder#map(String):V	2656dd1e9ec4a3508b01	413	716	1140	269
METHOD_ENTRY	io.netty.util.Signal#compareTo(Signal):int	689f3f53cb1b1b557292	413	656	1080	272
METHOD_ENTRY	io.netty.util.DomainNameMappingBuilder#asMap():Map<String, V>	bddadaf0b1102c7e27ca	413	655	1079	265
METHOD_EXIT	io.netty.util.DomainNameMappingBuilder#map(String):V	25031029890658b9ee0e	455	793	1259	371
METHOD_EXIT	io.netty.util.DomainNameMappingBuilder#build():DomainNameMapping<V>	f61aaa21468949d7b0a5	455	737	1203	293
METHOD_EXIT	io.netty.util.DomainNameMappingBuilder#asMap():Map<String, V>	e310275872bebb044828	455	732	1198	227
METHOD_ENTRY	io.netty.util.DomainNameMappingBuilder#toString():String	dd0679dabd195898ff2a	413	868	1292	256
METHOD_ENTRY	io.netty.util.DomainNameMappingBuilder#estimateBufferSize(int,int,int):int	2bd67cd97b0042b10221	413	711	1135	281
METHOD_ENTRY	io.netty.util.DomainNameMappingBuilder#appendMapping(StringBuilder,int):StringBuilder	8bd2a876f1d7ca897b7d	413	682	1106	201
METHOD_EXIT	io.netty.util.DomainNameMappingBuilder#appendMapping(StringBuilder,int):StringBuilder	c2667a29aa639f0bc330	455	760	1226	309
METHOD_ENTRY	io.netty.util.ImmutableDomainNameMapping#add(String,V):DomainNameMapping<V>	cbf47e4c87077657464e	413	424	848	193
METHOD_ENTRY	io.netty.util.DomainNameMappingBuilder#appendMapping(StringBuilder,String,String):StringBuilder	5d4396254aca290e9cc4	413	687	1111	52
METHOD_EXIT	io.netty.util.DomainNameMappingBuilder#appendMapping(StringBuilder,String,String):StringBuilder	eaf2785d8e89f91e0660	455	765	1231	290
METHOD_EXIT	io.netty.util.ImmutableDomainNameMapping#add(String,V):DomainNameMapping<V>	86f1acdee171463ce288	455	504	970	304
METHOD_EXIT	io.netty.util.DomainNameMappingBuilder#estimateBufferSize(int,int,int):int	33c0051f209f1b6e1bbe	455	788	1254	308
METHOD_ENTRY	io.netty.util.ImmutableDomainNameMapping#map(String):V	db35f4d5610ee0dc4908	413	452	876	267
METHOD_EXIT	io.netty.util.ImmutableDomainNameMapping#map(String):V	fd390dcff40322917d06	455	529	995	304
METHOD_EXIT	io.netty.util.DomainNameMappingBuilder#toString():String	2ff984ce7c09da90dd0e	455	942	1408	252
METHOD_ENTRY	io.netty.util.ImmutableDomainNameMapping#asMap():Map<String, V>	8cc27f2235a9f75c7c96	413	391	815	261
METHOD_EXIT	io.netty.util.ImmutableDomainNameMapping#asMap():Map<String, V>	67364d4dbbab6c067025	455	468	934	249
METHOD_ENTRY	io.netty.util.ImmutableDomainNameMapping#toString():String	b09089e03b2d405c859d	413	604	1028	232
METHOD_EXIT	io.netty.util.ImmutableDomainNameMapping#estimateBufferSize(int,int,int):int	679074295d609bfd1c04	455	524	990	212
METHOD_EXIT	io.netty.util.ImmutableDomainNameMapping#toString():String	81de659c777a28deb1e6	455	678	1144	327
METHOD_ENTRY	io.netty.util.ImmutableDomainNameMapping#appendMapping(StringBuilder,int):StringBuilder	3132efd111bfe6a24d92	413	418	842	173
METHOD_EXIT	io.netty.util.UncheckedBooleanSupplier#get():boolean	cf8fa796060d86f4c7df	455	450	916	56
METHOD_EXIT	io.netty.util.UncheckedBooleanSupplier#get():boolean	cf8fa796060d86f4c7df	455	450	916	56
METHOD_ENTRY	io.netty.util.UncheckedBooleanSupplier#get():boolean	d9278ee666eb36ac3f87	413	439	863	41
METHOD_ENTRY	io.netty.util.UncheckedBooleanSupplier#get():boolean	d9278ee666eb36ac3f87	413	439	863	41
METHOD_EXIT	io.netty.util.ImmutableDomainNameMapping#appendMapping(StringBuilder,int):StringBuilder	8df2881d34e3aeba35f3	455	496	962	257
METHOD_ENTRY	io.netty.util.ImmutableDomainNameMapping#appendMapping(StringBuilder,String,String):StringBuilder	0a745d5753414ab3d9d1	413	423	847	228
METHOD_EXIT	io.netty.util.ImmutableDomainNameMapping#appendMapping(StringBuilder,String,String):StringBuilder	168cb27859b0c2967af8	455	501	967	234
METHOD_ENTRY	io.netty.util.ReferenceCountUtil#retain(T):T	0502c3115b9bde67f412	413	1177	1601	347
METHOD_EXIT	io.netty.util.ReferenceCountUtil#retain(T):T	8603c8c73ec593ff25de	455	1254	1720	240
METHOD_ENTRY	io.netty.util.ReferenceCountUtil#retain(T,int):T	9a85d8e71d5bcdc90bd5	413	1199	1623	276
METHOD_EXIT	io.netty.util.ReferenceCountUtil#retain(T,int):T	6e93a4d6b9022fff00e6	455	1276	1742	277
METHOD_EXIT	io.netty.util.ReferenceCountUtil#touch(T):T	0058192690224dd06e42	455	1254	1720	363
METHOD_ENTRY	io.netty.util.ReferenceCountUtil#touch(T,Object):T	c8124a257552ee518ac0	413	1188	1612	227
METHOD_ENTRY	io.netty.util.ReferenceCountUtil#touch(T):T	ae05df13eac0a194a692	413	1177	1601	305
METHOD_ENTRY	io.netty.util.ReferenceCountUtil#release(Object):boolean	94bfeb208662a389996e	413	1165	1589	232
METHOD_EXIT	io.netty.util.ReferenceCountUtil#touch(T,Object):T	26872478c50df4c52ac9	455	1265	1731	344
METHOD_EXIT	io.netty.util.ReferenceCountUtil#release(Object):boolean	408abd0f53a5a20a0fb7	455	1242	1708	356
METHOD_ENTRY	io.netty.util.ReferenceCountUtil#safeRelease(Object):void	7e26dedc65c35a65df87	413	1172	1596	284
METHOD_EXIT	io.netty.util.ReferenceCountUtil#release(Object,int):boolean	0d96eef7ba4400c9f075	455	1265	1731	328
METHOD_ENTRY	io.netty.util.ReferenceCountUtil#release(Object,int):boolean	43be96139a2ec5d1c30a	413	1188	1612	289
METHOD_EXIT	io.netty.util.ReferenceCountUtil#safeRelease(Object):void	a524cf10c08a4ed603ba	455	1183	1649	176
METHOD_ENTRY	io.netty.util.ImmutableDomainNameMapping#estimateBufferSize(int,int,int):int	5041a4858a3746e12363	413	447	871	258
METHOD_EXIT	io.netty.util.ReferenceCountUtil#safeRelease(Object,int):void	becea079b145406809a3	455	1225	1691	307
METHOD_ENTRY	io.netty.util.ReferenceCountUtil#safeRelease(Object,int):void	c666c8c092d223e0638e	413	1214	1638	252
METHOD_ENTRY	io.netty.util.ReferenceCountUtil#releaseLater(T):T	13b28a824300128d2620	413	1156	1580	272
METHOD_EXIT	io.netty.util.ReferenceCountUtil#releaseLater(T):T	18263530138da713ad2a	455	1233	1699	267
METHOD_ENTRY	io.netty.util.ReferenceCountUtil#releaseLater(T,int):T	e01c3cb99f9fbb7aee80	413	1206	1630	182
METHOD_ENTRY	io.netty.util.ReferenceCountUtil#refCnt(Object):int	9e81eb6e39eae84c6597	413	1162	1586	261
METHOD_EXIT	io.netty.util.ReferenceCountUtil#releaseLater(T,int):T	73a824dd9aedb143512c	455	1283	1749	296
METHOD_ENTRY	io.netty.util.ReferenceCountUtil#run():void	bce1b2fe1fe1eb605b7a	413	1199	1623	29
METHOD_ENTRY	io.netty.util.ReleasingTask#run():void	db5b02d468b459425874	413	440	864	250
METHOD_EXIT	io.netty.util.ReferenceCountUtil#run():void	a1bfdf28315459d5fc85	455	1210	1676	46
METHOD_ENTRY	io.netty.util.ReferenceCountUtil#toString():String	6442c28a2e6e51bcb68b	413	1163	1587	220
METHOD_EXIT	io.netty.util.ReleasingTask#run():void	e736d411877cec68901f	455	451	917	265
METHOD_EXIT	io.netty.util.ReferenceCountUtil#toString():String	f0e8c5bc5e7d8f8077e1	455	1237	1703	217
METHOD_ENTRY	io.netty.util.ReleasingTask#toString():String	49d2628d3038165d9e28	413	404	828	252
METHOD_ENTRY	io.netty.util.NettyRuntime#setAvailableProcessors(int):void	042526708c0e6532a001	413	577	1001	121
METHOD_EXIT	io.netty.util.NettyRuntime#setAvailableProcessors(int):void	36896f3b742fc3b1519c	455	588	1054	94
METHOD_EXIT	io.netty.util.ReferenceCountUtil#refCnt(Object):int	5abf1662bdd5abfa2bd5	455	1239	1705	322
METHOD_ENTRY	io.netty.util.NettyRuntime#availableProcessors():int	6802a44fa413e2eace71	413	545	969	52
METHOD_EXIT	io.netty.util.ReleasingTask#toString():String	7768228e0cbc924c5f10	455	478	944	304
METHOD_ENTRY	io.netty.util.NettyRuntime#setAvailableProcessors(int):void	042526708c0e6532a001	413	577	1001	121
METHOD_EXIT	io.netty.util.NettyRuntime#setAvailableProcessors(int):void	36896f3b742fc3b1519c	455	588	1054	94
METHOD_ENTRY	io.netty.util.NettyRuntime#availableProcessors():int	6802a44fa413e2eace71	413	545	969	52
METHOD_EXIT	io.netty.util.AvailableProcessorsHolder#setAvailableProcessors(int):void	f3ec6238d43f14144087	455	426	892	88
METHOD_ENTRY	io.netty.util.AvailableProcessorsHolder#availableProcessors():int	fcc51d6103d8009bedbb	413	383	807	131
METHOD_EXIT	io.netty.util.NettyRuntime#availableProcessors():int	ef4048af215f96d01ec9	455	619	1085	283
METHOD_EXIT	io.netty.util.AvailableProcessorsHolder#availableProcessors():int	ae6fa047b333eeb25ced	455	457	923	494
METHOD_ENTRY	io.netty.util.AvailableProcessorsHolder#setAvailableProcessors(int):void	cf4b8839d030b9ecea7c	413	415	839	50
METHOD_EXIT	io.netty.util.NettyRuntime#availableProcessors():int	ef4048af215f96d01ec9	455	619	1085	283
METHOD_EXIT	io.netty.util.NetUtil#run():Integer	ca957bcbe0037bd5068b	455	3221	3687	291
METHOD_ENTRY	io.netty.util.NetUtil#sysctlGetInt(String):Integer	cc1a05826f58130ec0f3	413	2897	3321	296
METHOD_EXIT	io.netty.util.NetUtil#sysctlGetInt(String):Integer	16a2e18d433a7a023c98	455	2974	3440	331
METHOD_ENTRY	io.netty.util.NetUtil#isIpV4StackPreferred():boolean	97a627624a911c6ff98b	413	2692	3116	319
METHOD_ENTRY	io.netty.util.NetUtil#run():Integer	2306cca2e744d64a521d	413	3147	3571	294
METHOD_EXIT	io.netty.util.NetUtil#isIpV4StackPreferred():boolean	5ca864a7487edbe3da57	455	2766	3232	60
METHOD_EXIT	io.netty.util.NetUtil#isIpV6AddressesPreferred():boolean	f6ca9af050a6a525c5b8	455	2769	3235	63
METHOD_ENTRY	io.netty.util.NetUtil#createByteArrayFromIpAddressString(String):byte[]	d988adb3f59611102958	413	2835	3259	317
METHOD_ENTRY	io.netty.util.NetUtil#isIpV6AddressesPreferred():boolean	9b60f987afb5a9641a36	413	2695	3119	68
METHOD_EXIT	io.netty.util.NetUtil#createInetAddressFromIpAddressString(String):InetAddress	0a55ff2059575d6ea8f7	455	3120	3586	388
METHOD_ENTRY	io.netty.util.NetUtil#createInetAddressFromIpAddressString(String):InetAddress	8a4dfaa6cbed828ee1b4	413	3042	3466	317
METHOD_ENTRY	io.netty.util.NetUtil#decimalDigit(String,int):int	992686ecd64bcd7eb7d0	413	2702	3126	245
METHOD_EXIT	io.netty.util.NetUtil#decimalDigit(String,int):int	03e6f403656c9ab26adb	455	2779	3245	287
METHOD_EXIT	io.netty.util.NetUtil#createByteArrayFromIpAddressString(String):byte[]	ffc20dc7a4057b79d946	455	2912	3378	440
METHOD_ENTRY	io.netty.util.NetUtil#ipv4AddressToInt(Inet4Address):int	66057a8e0d61fc99b462	413	2770	3194	353
METHOD_EXIT	io.netty.util.NetUtil#ipv4WordToByte(String,int,int):byte	9192d2db76a86d58236a	455	2868	3334	396
METHOD_EXIT	io.netty.util.NetUtil#validIpV4ToBytes(String):byte[]	e36510cb435c78948720	455	2864	3330	331
METHOD_EXIT	io.netty.util.NetUtil#ipv4AddressToInt(Inet4Address):int	32be39e96cdaead41550	455	2847	3313	353
METHOD_ENTRY	io.netty.util.NetUtil#intToIpAddress(int):String	7fcba6dc660975dfa299	413	2760	3184	360
METHOD_ENTRY	io.netty.util.NetUtil#ipv4WordToByte(String,int,int):byte	be569d649a3a1742066e	413	2791	3215	267
METHOD_ENTRY	io.netty.util.NetUtil#validIpV4ToBytes(String):byte[]	0e2dfec0945399f7ad0c	413	2787	3211	362
METHOD_ENTRY	io.netty.util.NetUtil#bytesToIpAddress(byte[]):String	85a1912300e79c724288	413	2701	3125	251
METHOD_EXIT	io.netty.util.NetUtil#bytesToIpAddress(byte[]):String	da30e69f94698b698991	455	2778	3244	289
METHOD_EXIT	io.netty.util.NetUtil#bytesToIpAddress(byte[],int,int):String	4d429d3e6579184bd4dc	455	2920	3386	267
METHOD_ENTRY	io.netty.util.NetUtil#bytesToIpAddress(byte[],int,int):String	f3abd08f33ec35bcbefc	413	2843	3267	225
METHOD_EXIT	io.netty.util.NetUtil#intToIpAddress(int):String	3fc0843034117e631b3e	455	2837	3303	339
METHOD_ENTRY	io.netty.util.NetUtil#isValidIpV6Address(String):boolean	666eacc0097b99cfc0b8	413	2704	3128	262
METHOD_ENTRY	io.netty.util.NetUtil#isValidIpV4Word(CharSequence,int,int):boolean	2a636137f93761f8647c	413	2900	3324	275
METHOD_EXIT	io.netty.util.NetUtil#isValidIpV6Address(CharSequence):boolean	d3f78ee43f867d2a19a0	455	3642	4108	352
METHOD_ENTRY	io.netty.util.NetUtil#isValidHexChar(char):boolean	00ad830f2ed61d60c6dd	413	2723	3147	74
METHOD_EXIT	io.netty.util.NetUtil#isValidIpV4Word(CharSequence,int,int):boolean	f9ea20525447f1568036	455	2977	3443	508
METHOD_ENTRY	io.netty.util.NetUtil#isValidNumericChar(char):boolean	9247ee7e02f5175d07b8	413	2699	3123	215
METHOD_EXIT	io.netty.util.NetUtil#isValidIpV6Address(String):boolean	e9800ff0570d578d3aef	455	2781	3247	292
METHOD_ENTRY	io.netty.util.NetUtil#isValidIpV6Address(CharSequence):boolean	1f1bd9afaf52ed76a79e	413	3565	3989	286
METHOD_EXIT	io.netty.util.NetUtil#isValidHexChar(char):boolean	da792b7fe49dd4512196	455	2800	3266	406
METHOD_ENTRY	io.netty.util.NetUtil#isValidIPv4MappedChar(char):boolean	9164cbd7b8dd94f9cea3	413	2703	3127	132
METHOD_EXIT	io.netty.util.NetUtil#isValidIPv4MappedChar(char):boolean	83fdd7acca6e49ad7994	455	2780	3246	180
METHOD_ENTRY	io.netty.util.NetUtil#isValidIPv4MappedSeparators(byte,byte,boolean):boolean	d165e5204e27dfb88d51	413	2831	3255	358
METHOD_EXIT	io.netty.util.NetUtil#isValidNumericChar(char):boolean	1535d2c3a904fedd8bca	455	2776	3242	226
METHOD_EXIT	io.netty.util.NetUtil#isValidIPv4MappedSeparators(byte,byte,boolean):boolean	e6c94825f7a5c91a4fa7	455	2908	3374	291
METHOD_ENTRY	io.netty.util.NetUtil#isValidIpV4Address(CharSequence):boolean	6b5e34aaac2e3d6922b4	413	2709	3133	295
METHOD_EXIT	io.netty.util.NetUtil#isValidIpV4Address(CharSequence):boolean	086a56679a7150f68a8e	455	2786	3252	306
METHOD_ENTRY	io.netty.util.NetUtil#isValidIpV4Address(String):boolean	77dea4e7d717328fb8ae	413	2706	3130	283
METHOD_EXIT	io.netty.util.NetUtil#isValidIpV4Address(String):boolean	48b63cabfcd316ce015e	455	2783	3249	333
METHOD_ENTRY	io.netty.util.NetUtil#isValidIPv4Mapped(byte[],int,int,int):boolean	cb6f3a4b1cd288abaff6	413	2808	3232	319
METHOD_ENTRY	io.netty.util.NetUtil#isValidIpV4Address(CharSequence,int,int):boolean	3b3bcc22317c7b44d839	413	2776	3200	244
METHOD_EXIT	io.netty.util.NetUtil#isValidIpV4Address(CharSequence,int,int):boolean	1fef4aea66059bcb2166	455	2853	3319	303
METHOD_ENTRY	io.netty.util.NetUtil#isValidIpV4Address(String,int,int):boolean	9d4f41b1e80b81212493	413	2862	3286	254
METHOD_EXIT	io.netty.util.NetUtil#isValidIpV4Address(String,int,int):boolean	f662d975ae9e5664fd16	455	2939	3405	423
METHOD_EXIT	io.netty.util.NetUtil#isValidIpV4Address(AsciiString,int,int):boolean	ba9cb7051bf5e46d4823	455	2945	3411	330
METHOD_EXIT	io.netty.util.NetUtil#isValidIpV4Address0(CharSequence,int,int):boolean	894bc274582182c6467b	455	2947	3413	318
METHOD_EXIT	io.netty.util.NetUtil#isValidIPv4Mapped(byte[],int,int,int):boolean	e0ee87227c09b2dabbed	455	2885	3351	361
METHOD_ENTRY	io.netty.util.NetUtil#isValidIpV4Address(AsciiString,int,int):boolean	f9389ef72b2357bb5903	413	2868	3292	277
METHOD_ENTRY	io.netty.util.NetUtil#getByName(CharSequence):Inet6Address	f9e58b77cc5f4e0395bc	413	2699	3123	300
METHOD_EXIT	io.netty.util.NetUtil#getByName(CharSequence):Inet6Address	ee5d6ecfa43bf6b455f9	455	2778	3244	339
METHOD_ENTRY	io.netty.util.NetUtil#getByName(CharSequence,boolean):Inet6Address	cdc7c75971476ab364d6	413	2776	3200	297
METHOD_EXIT	io.netty.util.NetUtil#getByName(CharSequence,boolean):Inet6Address	e56f3c78dd454f3fff65	455	2855	3321	233
METHOD_ENTRY	io.netty.util.NetUtil#getIPv6ByName(CharSequence,boolean):byte[]	533f957b27d0ff5cd345	413	4681	5105	301
METHOD_ENTRY	io.netty.util.NetUtil#toSocketAddressString(InetSocketAddress):String	9fde5cd02233c6ea7d72	413	2807	3231	243
METHOD_EXIT	io.netty.util.NetUtil#toSocketAddressString(InetSocketAddress):String	d6ecdd74c926d9c91db5	455	2884	3350	332
METHOD_ENTRY	io.netty.util.NetUtil#toSocketAddressString(String,int):String	36d7ed3992223482a3f0	413	2738	3162	232
METHOD_EXIT	io.netty.util.NetUtil#toSocketAddressString(String,int):String	b13868fd86068cc4d2a9	455	2815	3281	238
METHOD_ENTRY	io.netty.util.NetUtil#newSocketAddressStringBuilder(String,String,boolean):StringBuilder	b5c4343fa6cfa8416656	413	2844	3268	217
METHOD_EXIT	io.netty.util.NetUtil#newSocketAddressStringBuilder(String,String,boolean):StringBuilder	a057bb168c8cffd781ae	455	2922	3388	369
METHOD_ENTRY	io.netty.util.NetUtil#toAddressString(InetAddress):String	752ba2db2fa2e44658da	413	2698	3122	267
METHOD_ENTRY	io.netty.util.NetUtil#isValidIpV4Address0(CharSequence,int,int):boolean	0b1022a0b0cf03c7c5f3	413	2870	3294	227
METHOD_EXIT	io.netty.util.NetUtil#toAddressString(InetAddress):String	43ff31f9ebea2f70ac13	455	2775	3241	332
METHOD_ENTRY	io.netty.util.NetUtil#toAddressString(InetAddress,boolean):String	4b1e85f8d3167dca7752	413	2764	3188	258
METHOD_EXIT	io.netty.util.NetUtil#toAddressString(InetAddress,boolean):String	671d2c7de01b82fbcc87	455	2841	3307	324
METHOD_EXIT	io.netty.util.NetUtil#toAddressString(byte[],int,boolean):String	8de53a8b1f9b2753b35a	455	3563	4029	316
METHOD_ENTRY	io.netty.util.NetUtil#toAddressString(byte[],int,boolean):String	9359f12d1a0084caed79	413	3486	3910	258
METHOD_ENTRY	io.netty.util.AbstractConstant#name():String	952054f22796ce5dbd50	413	485	909	46
METHOD_ENTRY	io.netty.util.NetUtil#getHostname(InetSocketAddress):String	15fcf18b0edf45fa2628	413	2696	3120	216
METHOD_EXIT	io.netty.util.NetUtil#getIPv6ByName(CharSequence,boolean):byte[]	f34fb92aece6346574cf	455	4758	5224	389
METHOD_EXIT	io.netty.util.AbstractConstant#name():String	75ee3be82f880ce940bb	455	559	1025	146
METHOD_ENTRY	io.netty.util.AbstractConstant#id():int	9486a8fe8e2eb117c098	413	485	909	159
METHOD_ENTRY	io.netty.util.AbstractConstant#toString():String	cc97fc9cad292233a9f4	413	487	911	241
METHOD_EXIT	io.netty.util.AbstractConstant#id():int	c70efec717934262b61a	455	559	1025	231
METHOD_ENTRY	io.netty.util.NetUtil#inRangeEndExclusive(int,int,int):boolean	b51e47661cdb1d7ce84c	413	2714	3138	278
METHOD_EXIT	io.netty.util.AbstractConstant#toString():String	5b4244c700e2f460ac41	455	561	1027	264
METHOD_ENTRY	io.netty.util.AbstractConstant#hashCode():int	f902af6e45365c05517c	413	489	913	189
METHOD_ENTRY	io.netty.util.AbstractConstant#equals(Object):boolean	a6485b57dd18b096260f	413	492	916	64
METHOD_EXIT	io.netty.util.NetUtil#inRangeEndExclusive(int,int,int):boolean	da4b4cfe2ea6eff2a0e4	455	2791	3257	283
METHOD_EXIT	io.netty.util.AbstractConstant#hashCode():int	34ce9bb21d07d5572984	455	563	1029	158
METHOD_ENTRY	io.netty.util.AbstractConstant#compareTo(T):int	e5d6ff72eb2853c60edd	413	608	1032	312
METHOD_EXIT	io.netty.util.AbstractConstant#equals(Object):boolean	6346cf1e038b9f1a84ea	455	569	1035	189
METHOD_EXIT	io.netty.util.AbstractConstant#compareTo(T):int	ca7b7672876c7b28b052	455	685	1151	359
METHOD_ENTRY	io.netty.util.concurrent.PromiseTask#call():T	e47147f52570c873611e	413	606	1030	280
METHOD_ENTRY	io.netty.util.concurrent.PromiseTask#toString():String	1cd121feed9fcb9b211e	413	619	1043	165
METHOD_ENTRY	io.netty.util.SoMaxConnAction#run():Integer	16466523394e7aafa0b2	413	847	1271	83
METHOD_EXIT	io.netty.util.concurrent.PromiseTask#toString():String	2f0f8a2f852320576e36	455	693	1159	307
METHOD_ENTRY	io.netty.util.concurrent.PromiseTask#run():void	f7f7617fe81dd4e0f8ae	413	642	1066	327
METHOD_EXIT	io.netty.util.concurrent.PromiseTask#call():T	ca444600f0b47fcb5d1f	455	680	1146	223
METHOD_EXIT	io.netty.util.concurrent.PromiseTask#run():void	58f39730969f8fd1f584	455	653	1119	223
METHOD_ENTRY	io.netty.util.concurrent.PromiseTask#toString():String	1cd121feed9fcb9b211e	413	619	1043	165
METHOD_EXIT	io.netty.util.concurrent.PromiseTask#toString():String	2f0f8a2f852320576e36	455	693	1159	307
METHOD_ENTRY	io.netty.util.concurrent.PromiseTask#hashCode():int	0498657b80a7b52def1e	413	609	1033	201
METHOD_EXIT	io.netty.util.NetUtil#getHostname(InetSocketAddress):String	cdcb1e72e87406bcc4dc	455	2773	3239	213
METHOD_ENTRY	io.netty.util.concurrent.PromiseTask#run():void	f7f7617fe81dd4e0f8ae	413	642	1066	327
METHOD_EXIT	io.netty.util.concurrent.PromiseTask#hashCode():int	1e6acccb120353f14ec8	455	683	1149	168
METHOD_EXIT	io.netty.util.concurrent.PromiseTask#run():void	58f39730969f8fd1f584	455	653	1119	223
METHOD_EXIT	io.netty.util.concurrent.PromiseTask#equals(Object):boolean	2bed6dcdec2bc75e66b9	455	687	1153	313
METHOD_EXIT	io.netty.util.concurrent.PromiseTask#runTask():V	de4b3db55512f06438fb	455	718	1184	216
METHOD_ENTRY	io.netty.util.concurrent.PromiseTask#clearTaskAfterCompletion(boolean,Runnable):boolean	5e6e87db7fea50bade11	413	749	1173	288
METHOD_ENTRY	io.netty.util.concurrent.PromiseTask#runTask():V	323447ae2b33898a25aa	413	644	1068	223
METHOD_EXIT	io.netty.util.concurrent.PromiseTask#setFailure(Throwable):Promise<V>	d263e6142f1ea5b0625f	455	694	1160	241
METHOD_ENTRY	io.netty.util.concurrent.PromiseTask#setFailure(Throwable):Promise<V>	a5ec59ecbf280eb4e1e8	413	616	1040	252
METHOD_ENTRY	io.netty.util.concurrent.PromiseTask#setFailureInternal(Throwable):Promise<V>	cdbbd4cf759995d0e557	413	628	1052	595
METHOD_EXIT	io.netty.util.concurrent.PromiseTask#clearTaskAfterCompletion(boolean,Runnable):boolean	f2654a2b92b7e974d266	455	760	1226	319
METHOD_ENTRY	io.netty.util.concurrent.PromiseTask#equals(Object):boolean	5a38f63a8112affad87b	413	610	1034	247
METHOD_EXIT	io.netty.util.concurrent.PromiseTask#setFailureInternal(Throwable):Promise<V>	6e0d6626a6e7d7368674	455	706	1172	259
METHOD_EXIT	io.netty.util.SoMaxConnAction#run():Integer	2259efa2d6cd30100e28	455	921	1387	385
METHOD_EXIT	io.netty.util.concurrent.PromiseTask#tryFailure(Throwable):boolean	8d8c016ded5e9522b3e1	455	687	1153	165
METHOD_ENTRY	io.netty.util.concurrent.PromiseTask#tryFailure(Throwable):boolean	d066a68fcf8e3d0a2176	413	610	1034	255
METHOD_EXIT	io.netty.util.concurrent.PromiseTask#tryFailureInternal(Throwable):boolean	0f5cd8013c594d328b56	455	696	1162	203
METHOD_ENTRY	io.netty.util.concurrent.PromiseTask#setSuccess(V):Promise<V>	8145b5cfa08a5f107588	413	677	1101	131
METHOD_EXIT	io.netty.util.concurrent.PromiseTask#setSuccessInternal(V):Promise<V>	4a34aa2d3321ba008e23	455	701	1167	200
METHOD_ENTRY	io.netty.util.concurrent.PromiseTask#trySuccess(V):boolean	551360d40e425ece9f6f	413	671	1095	159
METHOD_EXIT	io.netty.util.concurrent.PromiseTask#trySuccess(V):boolean	a1f20f27f53b4fcb5e41	455	682	1148	44
METHOD_ENTRY	io.netty.util.concurrent.PromiseTask#tryFailureInternal(Throwable):boolean	31d49cd8724422ad6c89	413	619	1043	250
METHOD_ENTRY	io.netty.util.concurrent.PromiseTask#setSuccessInternal(V):Promise<V>	02cceae40e2829ed57e7	413	689	1113	296
METHOD_ENTRY	io.netty.util.concurrent.PromiseTask#trySuccessInternal(V):boolean	6200bb9718d5ed1379ac	413	680	1104	80
METHOD_EXIT	io.netty.util.concurrent.PromiseTask#trySuccessInternal(V):boolean	31c66bd18fb0bc594718	455	691	1157	296
METHOD_ENTRY	io.netty.util.concurrent.PromiseTask#setUncancellable():boolean	731ff96323af061063aa	413	611	1035	177
METHOD_EXIT	io.netty.util.concurrent.PromiseTask#setUncancellable():boolean	def4e394e35c5ca17a04	455	685	1151	72
METHOD_ENTRY	io.netty.util.concurrent.PromiseTask#setUncancellableInternal():boolean	5639cc823fb3038019b7	413	611	1035	134
METHOD_EXIT	io.netty.util.concurrent.PromiseTask#setSuccess(V):Promise<V>	e101163e88ae85e16cba	455	689	1155	197
METHOD_ENTRY	io.netty.util.concurrent.PromiseTask#cancel(boolean):boolean	5d9198e65aed50a2061d	413	626	1050	246
METHOD_ENTRY	io.netty.util.concurrent.PromiseTask#toStringBuilder():StringBuilder	c97de04bc611844cdd34	413	646	1070	186
METHOD_ENTRY	io.netty.util.concurrent.RunnableAdapter#call():T	b2c69525c0d47868b50d	413	385	809	5
METHOD_EXIT	io.netty.util.concurrent.RunnableAdapter#call():T	a67ed08b686db930c0dd	455	459	925	85
METHOD_EXIT	io.netty.util.concurrent.PromiseTask#toStringBuilder():StringBuilder	9734fc6e22eb3ac50b53	455	721	1187	288
METHOD_ENTRY	io.netty.util.concurrent.RunnableAdapter#toString():String	52213e81183c5c72ff9d	413	398	822	253
METHOD_EXIT	io.netty.util.concurrent.PromiseTask#setUncancellableInternal():boolean	11527a1e5406d960425c	455	685	1151	99
METHOD_EXIT	io.netty.util.concurrent.PromiseTask#cancel(boolean):boolean	1b7e0dff1618a2968f77	455	703	1169	66
METHOD_EXIT	io.netty.util.concurrent.RunnableAdapter#toString():String	d085665a4a51ce4a660e	455	472	938	212
METHOD_EXIT	io.netty.util.concurrent.SentinelRunnable#run():void	3fa3c5a3715d372e48b5	455	432	898	61
METHOD_ENTRY	io.netty.util.concurrent.SentinelRunnable#run():void	578f1a361dfccf1a0108	413	421	845	57
METHOD_EXIT	io.netty.util.concurrent.SentinelRunnable#toString():String	033b4c904a0b9d49c8b2	455	472	938	249
METHOD_ENTRY	io.netty.util.concurrent.DefaultEventExecutor#run():void	42565ab08a1d457c7cc2	413	465	889	228
METHOD_EXIT	io.netty.util.concurrent.EventExecutorGroup#ticker():Ticker	53b2185c41a2153f75bd	455	1195	1661	143
METHOD_ENTRY	io.netty.util.concurrent.SentinelRunnable#toString():String	d021e39e0a29abd9016e	413	398	822	254
METHOD_ENTRY	io.netty.util.concurrent.EventExecutorGroup#ticker():Ticker	2d4e8032ad03e5deeb17	413	1120	1544	165
METHOD_EXIT	io.netty.util.concurrent.DefaultEventExecutor#run():void	2f978dd2a46ebb6e071a	455	476	942	137
METHOD_EXIT	io.netty.util.concurrent.SingleThreadEventExecutor#newTaskQueue():Queue<Runnable>	c2fd6441b8d4734976ca	455	3157	3623	276
METHOD_EXIT	io.netty.util.concurrent.SingleThreadEventExecutor#newTaskQueue(int):Queue<Runnable>	7746f0d86539142f1139	455	3169	3635	287
METHOD_ENTRY	io.netty.util.concurrent.SingleThreadEventExecutor#newTaskQueue(int):Queue<Runnable>	39de767e23c2ac5a98cd	413	3090	3514	236
METHOD_EXIT	io.netty.util.concurrent.SingleThreadEventExecutor#run():void	56cd3eb9bf59789aa19b	455	3058	3524	236
METHOD_EXIT	io.netty.util.concurrent.SingleThreadEventExecutor#interruptThread():void	be75ec7cfad61aaa607c	455	3104	3570	262
METHOD_ENTRY	io.netty.util.concurrent.SingleThreadEventExecutor#pollTaskFrom(Queue<Runnable>):Runnable	109a99a340955ecd53fb	413	3110	3534	228
METHOD_ENTRY	io.netty.util.concurrent.SingleThreadEventExecutor#takeTask():Runnable	2099dc3c8ec8a2bb0cbe	413	3385	3809	207
METHOD_ENTRY	io.netty.util.concurrent.SingleThreadEventExecutor#pollTask():Runnable	abf23450efde4eb0f43a	413	3074	3498	275
METHOD_EXIT	io.netty.util.concurrent.SingleThreadEventExecutor#pollTaskFrom(Queue<Runnable>):Runnable	3ae586a37e8acfdf1fd1	455	3187	3653	362
METHOD_ENTRY	io.netty.util.concurrent.SingleThreadEventExecutor#newTaskQueue():Queue<Runnable>	5dd359014be4184045cb	413	3081	3505	230
METHOD_EXIT	io.netty.util.concurrent.SingleThreadEventExecutor#pollTask():Runnable	262ea128b99bb6d9c8b5	455	3148	3614	317
METHOD_ENTRY	io.netty.util.concurrent.SingleThreadEventExecutor#interruptThread():void	e8259f2ae8165bb882e9	413	3093	3517	59
METHOD_ENTRY	io.netty.util.concurrent.SingleThreadEventExecutor#run():void	28efee5bbe8f31ed33eb	413	3047	3471	293
METHOD_ENTRY	io.netty.util.concurrent.SingleThreadEventExecutor#fetchFromScheduledTaskQueue():boolean	1cf64d2b8098d84336da	413	3076	3500	229
METHOD_EXIT	io.netty.util.concurrent.SingleThreadEventExecutor#fetchFromScheduledTaskQueue():boolean	3fae9eac9976ba9869eb	455	3150	3616	130
METHOD_EXIT	io.netty.util.concurrent.SingleThreadEventExecutor#takeTask():Runnable	96ba984a2d52240f08c2	455	3459	3925	350
METHOD_ENTRY	io.netty.util.concurrent.SingleThreadEventExecutor#executeExpiredScheduledTasks():boolean	c0f42b5d33964e3fce66	413	3155	3579	241
METHOD_ENTRY	io.netty.util.concurrent.SingleThreadEventExecutor#peekTask():Runnable	2ad367349f10358b0451	413	3072	3496	296
METHOD_EXIT	io.netty.util.concurrent.SingleThreadEventExecutor#peekTask():Runnable	cd0f26e67e1c5da27bbe	455	3146	3612	256
METHOD_EXIT	io.netty.util.concurrent.SingleThreadEventExecutor#hasTasks():boolean	b8a3067f181554db00d4	455	3148	3614	276
METHOD_ENTRY	io.netty.util.concurrent.SingleThreadEventExecutor#pendingTasks():int	ea225b04624da5ee67ba	413	3066	3490	92
METHOD_EXIT	io.netty.util.concurrent.SingleThreadEventExecutor#addTask(Runnable):void	eb082231971f218a4eda	455	3103	3569	267
METHOD_ENTRY	io.netty.util.concurrent.SingleThreadEventExecutor#addTask(Runnable):void	e0a4650cac80940e1253	413	3092	3516	262
METHOD_EXIT	io.netty.util.concurrent.SingleThreadEventExecutor#pendingTasks():int	771646881fb434dbb5ed	455	3140	3606	246
METHOD_EXIT	io.netty.util.concurrent.SingleThreadEventExecutor#executeExpiredScheduledTasks():boolean	2304e328d1882d183af4	455	3229	3695	274
METHOD_ENTRY	io.netty.util.concurrent.SingleThreadEventExecutor#hasTasks():boolean	72b954c4627eba3d5df7	413	3074	3498	276
METHOD_EXIT	io.netty.util.concurrent.SingleThreadEventExecutor#offerTask(Runnable):boolean	0a1b08262ba196877024	455	3163	3629	326
METHOD_ENTRY	io.netty.util.concurrent.SingleThreadEventExecutor#removeTask(Runnable):boolean	858f096c8c1dc3a34b57	413	3082	3506	159
METHOD_EXIT	io.netty.util.concurrent.SingleThreadEventExecutor#removeTask(Runnable):boolean	11293b970c125a66d432	455	3159	3625	294
METHOD_EXIT	io.netty.util.concurrent.SingleThreadEventExecutor#runAllTasks():boolean	3399c642b19cd77f1ee5	455	3246	3712	378
METHOD_ENTRY	io.netty.util.concurrent.SingleThreadEventExecutor#runAllTasks():boolean	d065e32c5305eaf1536b	413	3172	3596	217
METHOD_ENTRY	io.netty.util.concurrent.SingleThreadEventExecutor#offerTask(Runnable):boolean	100812d2f61b749b8502	413	3086	3510	214
METHOD_ENTRY	io.netty.util.concurrent.SingleThreadEventExecutor#runAllTasksFrom(Queue<Runnable>):boolean	14d2c12d61ca5b4110be	413	3139	3563	238
METHOD_EXIT	io.netty.util.concurrent.SingleThreadEventExecutor#runAllTasksFrom(Queue<Runnable>):boolean	03ae79416aeb6611cb82	455	3216	3682	400
METHOD_EXIT	io.netty.util.concurrent.SingleThreadEventExecutor#runExistingTasksFrom(Queue<Runnable>):boolean	cc67a1ec90143edc63a6	455	3271	3737	345
METHOD_ENTRY	io.netty.util.concurrent.SingleThreadEventExecutor#runExistingTasksFrom(Queue<Runnable>):boolean	e703de01d09cd1b85a17	413	3194	3618	258
METHOD_ENTRY	io.netty.util.concurrent.SingleThreadEventExecutor#runAllTasks(long):boolean	bbccd1d026d1c728c799	413	3353	3777	180
METHOD_ENTRY	io.netty.util.concurrent.SingleThreadEventExecutor#runScheduledAndExecutorTasks(int):boolean	9092c1091710f066a4f2	413	3222	3646	261
METHOD_EXIT	io.netty.util.concurrent.SingleThreadEventExecutor#runScheduledAndExecutorTasks(int):boolean	5cbd247b91b3d5df1a46	455	3299	3765	321
METHOD_ENTRY	io.netty.util.concurrent.SingleThreadEventExecutor#afterRunningAllTasks():void	b2d26582ee58e29a6c9f	413	3063	3487	218
METHOD_EXIT	io.netty.util.concurrent.SingleThreadEventExecutor#afterRunningAllTasks():void	36799e44bad5eaa8f82f	455	3074	3540	253
METHOD_ENTRY	io.netty.util.concurrent.SingleThreadEventExecutor#delayNanos(long):long	a375ae420de4d206c0b4	413	3128	3552	311
METHOD_EXIT	io.netty.util.concurrent.SingleThreadEventExecutor#delayNanos(long):long	4d9ab5c1ff934006f4ab	455	3205	3671	322
METHOD_ENTRY	io.netty.util.concurrent.SingleThreadEventExecutor#deadlineNanos():long	1f7ee149555bb83db9b5	413	3109	3533	305
METHOD_ENTRY	io.netty.util.concurrent.SingleThreadEventExecutor#updateLastExecutionTime():void	8429a9269000d37e659e	413	3090	3514	211
METHOD_EXIT	io.netty.util.concurrent.SingleThreadEventExecutor#updateLastExecutionTime():void	e70ef12bf334ebc5b8b0	455	3101	3567	268
METHOD_EXIT	io.netty.util.concurrent.SingleThreadEventExecutor#deadlineNanos():long	8dbf77e0bbdd56933e78	455	3183	3649	329
METHOD_ENTRY	io.netty.util.concurrent.SingleThreadEventExecutor#getNumOfRegisteredChannels():int	9ec28c240d1513186bf6	413	3070	3494	56
METHOD_EXIT	io.netty.util.concurrent.SingleThreadEventExecutor#reportActiveIoTime(long):void	d404475d2933f33e149f	455	3131	3597	325
METHOD_EXIT	io.netty.util.concurrent.SingleThreadEventExecutor#getNumOfRegisteredChannels():int	71034c7e48b504f22643	455	3144	3610	265
METHOD_ENTRY	io.netty.util.concurrent.SingleThreadEventExecutor#reportActiveIoTime(long):void	7787bc3c4a17195b41e4	413	3120	3544	296
METHOD_EXIT	io.netty.util.concurrent.SingleThreadEventExecutor#runAllTasks(long):boolean	b188d1148390397f11b4	455	3430	3896	326
METHOD_EXIT	io.netty.util.concurrent.SingleThreadEventExecutor#getAndResetAccumulatedActiveTimeNanos():long	89e80e800d9768d338bf	455	3169	3635	404
METHOD_ENTRY	io.netty.util.concurrent.SingleThreadEventExecutor#getLastActivityTimeNanos():long	385f38a9836cdd0507d1	413	3075	3499	213
METHOD_EXIT	io.netty.util.concurrent.SingleThreadEventExecutor#getLastActivityTimeNanos():long	7140e0a11bb0b31987d6	455	3149	3615	145
METHOD_ENTRY	io.netty.util.concurrent.SingleThreadEventExecutor#getAndResetAccumulatedActiveTimeNanos():long	47e2e98c7735d2b40454	413	3095	3519	314
METHOD_EXIT	io.netty.util.concurrent.SingleThreadEventExecutor#getAndIncrementIdleCycles():int	927f3a32b59d222a971e	455	3157	3623	224
METHOD_ENTRY	io.netty.util.concurrent.SingleThreadEventExecutor#resetIdleCycles():void	e439e39bb8abe944cf0e	413	3080	3504	218
METHOD_ENTRY	io.netty.util.concurrent.SingleThreadEventExecutor#getAndIncrementBusyCycles():int	80dad2a0123fcc5e7974	413	3083	3507	44
METHOD_EXIT	io.netty.util.concurrent.SingleThreadEventExecutor#getAndIncrementBusyCycles():int	fc2a41ff2b64bb6a7b97	455	3157	3623	156
METHOD_ENTRY	io.netty.util.concurrent.SingleThreadEventExecutor#resetBusyCycles():void	7421c48cf307697ccca5	413	3080	3504	298
METHOD_ENTRY	io.netty.util.concurrent.SingleThreadEventExecutor#isSuspensionSupported():boolean	e15d2247984220a9dfa4	413	3070	3494	112
METHOD_EXIT	io.netty.util.concurrent.SingleThreadEventExecutor#isSuspensionSupported():boolean	d594133af6c0bd136c20	455	3144	3610	126
METHOD_ENTRY	io.netty.util.concurrent.SingleThreadEventExecutor#getAndIncrementIdleCycles():int	200235a46c28e270e946	413	3083	3507	243
METHOD_EXIT	io.netty.util.concurrent.SingleThreadEventExecutor#resetIdleCycles():void	bd64573e7231fa36e98d	455	3091	3557	224
METHOD_ENTRY	io.netty.util.concurrent.SingleThreadEventExecutor#cleanup():void	04db2906d258d9445a98	413	3063	3487	249
METHOD_EXIT	io.netty.util.concurrent.SingleThreadEventExecutor#cleanup():void	25cff1fb5dd2b141a0e4	455	3074	3540	75
METHOD_ENTRY	io.netty.util.concurrent.SingleThreadEventExecutor#wakeup(boolean):void	52f5f84cbbf95867a463	413	3121	3545	254
METHOD_EXIT	io.netty.util.concurrent.SingleThreadEventExecutor#wakeup(boolean):void	49ef5513c137ce36bf94	455	3132	3598	325
METHOD_EXIT	io.netty.util.concurrent.SingleThreadEventExecutor#resetBusyCycles():void	aac0925b98f9049260d9	455	3091	3557	163
METHOD_ENTRY	io.netty.util.concurrent.SingleThreadEventExecutor#inEventLoop(Thread):boolean	988e9a8623d29ebf8135	413	3077	3501	303
METHOD_ENTRY	io.netty.util.concurrent.SingleThreadEventExecutor#run():void	28efee5bbe8f31ed33eb	413	3047	3471	293
METHOD_EXIT	io.netty.util.concurrent.SingleThreadEventExecutor#run():void	56cd3eb9bf59789aa19b	455	3058	3524	236
METHOD_ENTRY	io.netty.util.concurrent.SingleThreadEventExecutor#removeShutdownHook(Runnable):void	261d83c00184ea3845d1	413	3115	3539	285
METHOD_EXIT	io.netty.util.concurrent.SingleThreadEventExecutor#removeShutdownHook(Runnable):void	55fe4f84d59df22543d5	455	3126	3592	302
METHOD_EXIT	io.netty.util.concurrent.SingleThreadEventExecutor#inEventLoop(Thread):boolean	c461a3829d0d0416c082	455	3154	3620	262
METHOD_ENTRY	io.netty.util.concurrent.SingleThreadEventExecutor#addShutdownHook(Runnable):void	c37fea0f555746a756fa	413	3115	3539	243
METHOD_ENTRY	io.netty.util.concurrent.SingleThreadEventExecutor#run():void	28efee5bbe8f31ed33eb	413	3047	3471	293
METHOD_EXIT	io.netty.util.concurrent.SingleThreadEventExecutor#addShutdownHook(Runnable):void	7d3f8d1bbf31a360f763	455	3126	3592	226
METHOD_EXIT	io.netty.util.concurrent.SingleThreadEventExecutor#run():void	56cd3eb9bf59789aa19b	455	3058	3524	236
METHOD_EXIT	io.netty.util.concurrent.SingleThreadEventExecutor#runShutdownHooks():boolean	14f0dddb4e85e3f4837e	455	3259	3725	280
METHOD_ENTRY	io.netty.util.concurrent.SingleThreadEventExecutor#runShutdownHooks():boolean	325a1375c194fc350ed1	413	3185	3609	302
METHOD_ENTRY	io.netty.util.concurrent.SingleThreadEventExecutor#shutdown0(long,long,int):void	4f60601ae00d3826a21e	413	3354	3778	255
METHOD_EXIT	io.netty.util.concurrent.SingleThreadEventExecutor#shutdownGracefully(long,long,TimeUnit):Future<?>	13c1544b71fe8407a522	455	3267	3733	274
METHOD_EXIT	io.netty.util.concurrent.SingleThreadEventExecutor#terminationFuture():Future<?>	496f0de385242393a156	455	3145	3611	218
METHOD_EXIT	io.netty.util.concurrent.SingleThreadEventExecutor#shutdown():void	9da351083094811ace80	455	3090	3556	274
METHOD_ENTRY	io.netty.util.concurrent.SingleThreadEventExecutor#shutdown():void	4cc516426e951625711c	413	3079	3503	231
METHOD_ENTRY	io.netty.util.concurrent.SingleThreadEventExecutor#shutdownGracefully(long,long,TimeUnit):Future<?>	6bd73ae73d8b71a9858b	413	3189	3613	147
METHOD_EXIT	io.netty.util.concurrent.SingleThreadEventExecutor#shutdown0(long,long,int):void	ea8ddde0cba5583dfd24	455	3365	3831	316
METHOD_ENTRY	io.netty.util.concurrent.SingleThreadEventExecutor#isShuttingDown():boolean	cf5db724f65c2cd428aa	413	3077	3501	318
METHOD_ENTRY	io.netty.util.concurrent.SingleThreadEventExecutor#terminationFuture():Future<?>	29a864a7f15af144893e	413	3070	3494	297
METHOD_EXIT	io.netty.util.concurrent.SingleThreadEventExecutor#isShuttingDown():boolean	7fb6a220156a9294daec	455	3151	3617	268
METHOD_ENTRY	io.netty.util.concurrent.SingleThreadEventExecutor#isShutdown():boolean	ea51305ac48dfd79f23a	413	3072	3496	276
METHOD_ENTRY	io.netty.util.concurrent.SingleThreadEventExecutor#isTerminated():boolean	50bf946d9560a651c83d	413	3074	3498	318
METHOD_EXIT	io.netty.util.concurrent.SingleThreadEventExecutor#isShutdown():boolean	f103d5f824e7667258e3	455	3146	3612	321
METHOD_EXIT	io.netty.util.concurrent.SingleThreadEventExecutor#isSuspended():boolean	2df5c8c524e6a02a4e11	455	3164	3630	256
METHOD_EXIT	io.netty.util.concurrent.SingleThreadEventExecutor#trySuspend():boolean	2d428e1e9e5f5715cebe	455	3238	3704	434
METHOD_EXIT	io.netty.util.concurrent.SingleThreadEventExecutor#isTerminated():boolean	32cf9fb39570fbb120ea	455	3148	3614	371
METHOD_ENTRY	io.netty.util.concurrent.SingleThreadEventExecutor#canSuspend():boolean	e05abd461679ae09888b	413	3066	3490	282
METHOD_ENTRY	io.netty.util.concurrent.SingleThreadEventExecutor#canSuspend(int):boolean	8433c14a28f3f38deb28	413	3110	3534	264
METHOD_EXIT	io.netty.util.concurrent.SingleThreadEventExecutor#canSuspend():boolean	d3770b40033b540188f0	455	3140	3606	265
METHOD_ENTRY	io.netty.util.concurrent.SingleThreadEventExecutor#trySuspend():boolean	cdcff4b954ac16486515	413	3164	3588	339
METHOD_EXIT	io.netty.util.concurrent.SingleThreadEventExecutor#canSuspend(int):boolean	ccba5540a42f45b07e21	455	3187	3653	331
METHOD_ENTRY	io.netty.util.concurrent.SingleThreadEventExecutor#confirmShutdown():boolean	7e412da1dba5b1631ecc	413	3428	3852	288
METHOD_ENTRY	io.netty.util.concurrent.SingleThreadEventExecutor#isSuspended():boolean	6a88ccde2e85219b787f	413	3090	3514	344
METHOD_ENTRY	io.netty.util.concurrent.SingleThreadEventExecutor#execute(Runnable):void	c2c283c5b3a4067b6cfe	413	3073	3497	105
METHOD_EXIT	io.netty.util.concurrent.SingleThreadEventExecutor#awaitTermination(long,TimeUnit):boolean	4ddb563f8d73183af17c	455	3211	3677	291
METHOD_ENTRY	io.netty.util.concurrent.SingleThreadEventExecutor#awaitTermination(long,TimeUnit):boolean	d09018ebd068b4735f28	413	3134	3558	282
METHOD_ENTRY	io.netty.util.concurrent.SingleThreadEventExecutor#lazyExecute(Runnable):void	a1c411d2be9914fdc62b	413	3076	3500	241
METHOD_EXIT	io.netty.util.concurrent.SingleThreadEventExecutor#lazyExecute(Runnable):void	ca5413c8e1a2bec9c735	455	3087	3553	167
METHOD_EXIT	io.netty.util.concurrent.SingleThreadEventExecutor#confirmShutdown():boolean	fe4c8668341e6cadc8e8	455	3502	3968	323
METHOD_EXIT	io.netty.util.concurrent.SingleThreadEventExecutor#execute(Runnable):void	da60e1269dbf21483b66	455	3084	3550	316
METHOD_ENTRY	io.netty.util.concurrent.SingleThreadEventExecutor#lazyExecute0(Runnable):void	147f38b520724aa1f362	413	3084	3508	111
METHOD_ENTRY	io.netty.util.concurrent.SingleThreadEventExecutor#execute0(Runnable):void	570a6c7a5860d2d2490f	413	3089	3513	142
METHOD_ENTRY	io.netty.util.concurrent.SingleThreadEventExecutor#scheduleRemoveScheduled(ScheduledFutureTask<?>):void	4b3d9420e2280ace9bbf	413	3264	3688	269
METHOD_EXIT	io.netty.util.concurrent.SingleThreadEventExecutor#lazyExecute0(Runnable):void	d2c4c5d6dfbb613f2fbc	455	3095	3561	137
METHOD_EXIT	io.netty.util.concurrent.SingleThreadEventExecutor#scheduleRemoveScheduled(ScheduledFutureTask<?>):void	f390778c93f1e7331ce7	455	3275	3741	408
METHOD_ENTRY	io.netty.util.concurrent.SingleThreadEventExecutor#execute(Runnable,boolean):void	814cf979550c02be861b	413	3232	3656	226
METHOD_EXIT	io.netty.util.concurrent.SingleThreadEventExecutor#execute(Runnable,boolean):void	c3dbba90458d262ca8d2	455	3243	3709	283
METHOD_EXIT	io.netty.util.concurrent.SingleThreadEventExecutor#execute0(Runnable):void	2d12b83f8bf65f8a162f	455	3100	3566	287
METHOD_ENTRY	io.netty.util.concurrent.SingleThreadEventExecutor#run():void	28efee5bbe8f31ed33eb	413	3047	3471	293
METHOD_EXIT	io.netty.util.concurrent.SingleThreadEventExecutor#invokeAny(Collection<? extends Callable<T>>):T	387218d471e1e418a79c	455	3185	3651	238
METHOD_ENTRY	io.netty.util.concurrent.SingleThreadEventExecutor#invokeAny(Collection<? extends Callable<T>>):T	fbda4fb822419493fb95	413	3108	3532	254
METHOD_ENTRY	io.netty.util.concurrent.SingleThreadEventExecutor#invokeAny(Collection<? extends Callable<T>>,long,TimeUnit):T	304a1dc69624405c6421	413	3138	3562	243
METHOD_EXIT	io.netty.util.concurrent.SingleThreadEventExecutor#run():void	56cd3eb9bf59789aa19b	455	3058	3524	236
METHOD_EXIT	io.netty.util.concurrent.SingleThreadEventExecutor#invokeAny(Collection<? extends Callable<T>>,long,TimeUnit):T	15e331f3ea0048c93f16	455	3215	3681	291
METHOD_EXIT	io.netty.util.concurrent.SingleThreadEventExecutor#invokeAll(Collection<? extends Callable<T>>,long,TimeUnit):List<java.util.concurrent.Future<T>>	e056c448af24630f07df	455	3227	3693	282
METHOD_EXIT	io.netty.util.concurrent.SingleThreadEventExecutor#throwIfInEventLoop(String):void	4874d248fa595963334c	455	3115	3581	248
METHOD_ENTRY	io.netty.util.concurrent.SingleThreadEventExecutor#throwIfInEventLoop(String):void	ae5d43575874b8ca6f8b	413	3104	3528	146
METHOD_ENTRY	io.netty.util.concurrent.SingleThreadEventExecutor#invokeAll(Collection<? extends Callable<T>>):List<java.util.concurrent.Future<T>>	14b06e56fb0beb79d265	413	3118	3542	257
METHOD_EXIT	io.netty.util.concurrent.SingleThreadEventExecutor#threadProperties():ThreadProperties	2eb8c45a95b319b8e9e1	455	3250	3716	276
METHOD_ENTRY	io.netty.util.concurrent.SingleThreadEventExecutor#invokeAll(Collection<? extends Callable<T>>,long,TimeUnit):List<java.util.concurrent.Future<T>>	299adfe38ba59a91b3ea	413	3145	3569	260
METHOD_EXIT	io.netty.util.concurrent.SingleThreadEventExecutor#invokeAll(Collection<? extends Callable<T>>):List<java.util.concurrent.Future<T>>	f55141c6f2477318d2f1	455	3200	3666	276
METHOD_EXIT	io.netty.util.concurrent.SingleThreadEventExecutor#wakesUpForTask(Runnable):boolean	6d511655a9971cbf88fd	455	3152	3618	132
METHOD_ENTRY	io.netty.util.concurrent.SingleThreadEventExecutor#wakesUpForTask(Runnable):boolean	0d5b6f1ef591ce6a5fa7	413	3075	3499	90
METHOD_ENTRY	io.netty.util.concurrent.SingleThreadEventExecutor#threadProperties():ThreadProperties	e025bc8f92731ea56321	413	3175	3599	240
METHOD_EXIT	io.netty.util.concurrent.SingleThreadEventExecutor#reject():void	1f2cfeb488fac753d393	455	3082	3548	62
METHOD_EXIT	io.netty.util.concurrent.SingleThreadEventExecutor#reject(Runnable):void	43efd0f467a543e3fc03	455	3087	3553	237
METHOD_ENTRY	io.netty.util.concurrent.SingleThreadEventExecutor#startThread():void	56b1c80773b30553ee07	413	3169	3593	307
METHOD_EXIT	io.netty.util.concurrent.SingleThreadEventExecutor#startThread():void	0429da442cfa8ec1cf69	455	3180	3646	208
METHOD_ENTRY	io.netty.util.concurrent.SingleThreadEventExecutor#reject(Runnable):void	0163398b0219cf571667	413	3076	3500	192
METHOD_EXIT	io.netty.util.concurrent.SingleThreadEventExecutor#ensureThreadStarted(int):boolean	7bc59b54c4ec116cc072	455	3247	3713	270
METHOD_ENTRY	io.netty.util.concurrent.SingleThreadEventExecutor#doStartThread():void	0e430e540a4f4172f04f	413	4018	4442	246
METHOD_ENTRY	io.netty.util.concurrent.SingleThreadEventExecutor#reject():void	ce1380bae27ef02d17b2	413	3071	3495	302
METHOD_EXIT	io.netty.util.concurrent.SingleThreadEventExecutor#run():void	56cd3eb9bf59789aa19b	455	3058	3524	236
METHOD_ENTRY	io.netty.util.concurrent.SingleThreadEventExecutor#ensureThreadStarted(int):boolean	fa234344a79d7c0373a1	413	3170	3594	342
METHOD_EXIT	io.netty.util.concurrent.SingleThreadEventExecutor#drainTasks():int	7fccaab9ac964f209ed1	455	3224	3690	272
METHOD_ENTRY	io.netty.util.concurrent.SingleThreadEventExecutor#state():State	5cce3ef5a2ca2043eb31	413	3067	3491	332
METHOD_EXIT	io.netty.util.concurrent.SingleThreadEventExecutor#doStartThread():void	b3d954bd15651fd2d563	455	4029	4495	396
METHOD_ENTRY	io.netty.util.concurrent.SingleThreadEventExecutor#drainTasks():int	59349190245a13f64c90	413	3150	3574	245
METHOD_ENTRY	io.netty.util.concurrent.SingleThreadEventExecutor#run():void	28efee5bbe8f31ed33eb	413	3047	3471	293
METHOD_ENTRY	io.netty.util.concurrent.SingleThreadEventExecutor#priority():int	4fcf4b969c6b66f41943	413	3067	3491	151
METHOD_ENTRY	io.netty.util.concurrent.SingleThreadEventExecutor#isInterrupted():boolean	dcd018b1415a049ea2ec	413	3069	3493	207
METHOD_EXIT	io.netty.util.concurrent.SingleThreadEventExecutor#isInterrupted():boolean	d6fb34c89ff6eac41e0c	455	3143	3609	307
METHOD_ENTRY	io.netty.util.concurrent.SingleThreadEventExecutor#isDaemon():boolean	b8310d3d5056d14c2d2e	413	3069	3493	157
METHOD_ENTRY	io.netty.util.concurrent.SingleThreadEventExecutor#name():String	e4f58f0ac1b184c3b1f6	413	3067	3491	123
METHOD_EXIT	io.netty.util.concurrent.SingleThreadEventExecutor#state():State	9955d8cb907d3b276690	455	3141	3607	291
METHOD_EXIT	io.netty.util.concurrent.SingleThreadEventExecutor#priority():int	501a6905896e33f7c9a4	455	3141	3607	139
METHOD_EXIT	io.netty.util.concurrent.SingleThreadEventExecutor#name():String	e0aadd220be888c45861	455	3141	3607	232
METHOD_EXIT	io.netty.util.concurrent.SingleThreadEventExecutor#isDaemon():boolean	287af1807cfbb303407d	455	3143	3609	309
METHOD_EXIT	io.netty.util.concurrent.SingleThreadEventExecutor#id():long	636ce303d18b8452c931	455	3141	3607	309
METHOD_ENTRY	io.netty.util.concurrent.SingleThreadEventExecutor#stackTrace():StackTraceElement[]	c1708ac63d8ff1cce593	413	3076	3500	288
METHOD_ENTRY	io.netty.util.concurrent.DefaultThreadProperties#state():State	8b39aa0231164779e2c0	413	383	807	114
METHOD_EXIT	io.netty.util.concurrent.SingleThreadEventExecutor#stackTrace():StackTraceElement[]	c0700e47754679273353	455	3152	3618	195
METHOD_EXIT	io.netty.util.concurrent.SingleThreadEventExecutor#isAlive():boolean	5384138bc61690ff34a6	455	3143	3609	287
METHOD_ENTRY	io.netty.util.concurrent.SingleThreadEventExecutor#id():long	d75ea83ab71b910a1f3c	413	3067	3491	89
METHOD_EXIT	io.netty.util.concurrent.DefaultThreadProperties#state():State	d3e90ea0c474947577ab	455	457	923	104
METHOD_ENTRY	io.netty.util.concurrent.DefaultThreadProperties#priority():int	a8635d1d900b4eb8a3f6	413	383	807	90
METHOD_ENTRY	io.netty.util.concurrent.DefaultThreadProperties#isInterrupted():boolean	54137579eae44f9f6266	413	385	809	292
METHOD_EXIT	io.netty.util.concurrent.DefaultThreadProperties#priority():int	1acdc29709d037855e68	455	457	923	91
METHOD_EXIT	io.netty.util.concurrent.DefaultThreadProperties#isInterrupted():boolean	82dcb77a9576dc3d6eee	455	459	925	58
METHOD_ENTRY	io.netty.util.concurrent.DefaultThreadProperties#isDaemon():boolean	5bd5e8db74e87cbff1a8	413	385	809	189
METHOD_EXIT	io.netty.util.concurrent.DefaultThreadProperties#name():String	e4d008dd8751855c5c3f	455	457	923	117
METHOD_ENTRY	io.netty.util.concurrent.SingleThreadEventExecutor#isAlive():boolean	cdf0e2e94c5f6a913d84	413	3069	3493	231
METHOD_ENTRY	io.netty.util.concurrent.DefaultThreadProperties#id():long	d3a72e5c3632cc692c7c	413	383	807	103
METHOD_ENTRY	io.netty.util.concurrent.DefaultThreadProperties#name():String	489ad04bbe406eae9606	413	383	807	129
METHOD_ENTRY	io.netty.util.concurrent.FastThreadLocalRunnable#run():void	8eb67fcd21e96f1e45fd	413	437	861	84
METHOD_ENTRY	io.netty.util.concurrent.FastThreadLocalRunnable#wrap(Runnable):Runnable	bc74162e78edae7f6962	413	440	864	253
METHOD_EXIT	io.netty.util.concurrent.DefaultThreadProperties#isDaemon():boolean	38695a8c63b1c585aeb2	455	459	925	92
METHOD_EXIT	io.netty.util.concurrent.FastThreadLocalRunnable#run():void	9548879e8165a705dd8d	455	448	914	106
METHOD_EXIT	io.netty.util.concurrent.DefaultThreadProperties#id():long	9a4d34621dcf7d57da01	455	457	923	120
METHOD_EXIT	io.netty.util.concurrent.FastThreadLocalRunnable#wrap(Runnable):Runnable	cdb5eca4945300dac747	455	517	983	364
METHOD_EXIT	io.netty.util.concurrent.DefaultThreadProperties#stackTrace():StackTraceElement[]	c1fc26661184bf447bb2	455	468	934	226
METHOD_ENTRY	io.netty.util.concurrent.DefaultThreadProperties#stackTrace():StackTraceElement[]	2185a71759c542a0c529	413	392	816	52
METHOD_ENTRY	io.netty.util.concurrent.DefaultThreadProperties#isAlive():boolean	a816d9f6e6a57cfe6b2f	413	385	809	202
METHOD_EXIT	io.netty.util.concurrent.DefaultPromise#setSuccess(V):Promise<V>	ef6bce222235bd47d448	455	1689	2155	241
METHOD_EXIT	io.netty.util.concurrent.DefaultPromise#trySuccess(V):boolean	77d34f4462e98b7f7c71	455	1663	2129	266
METHOD_ENTRY	io.netty.util.concurrent.DefaultPromise#setFailure(Throwable):Promise<V>	cd2d4ca3c7d15836b820	413	1619	2043	222
METHOD_EXIT	io.netty.util.concurrent.DefaultPromise#setFailure(Throwable):Promise<V>	c6cda5dcc8a807a6dceb	455	1697	2163	276
METHOD_ENTRY	io.netty.util.concurrent.DefaultPromise#trySuccess(V):boolean	d3f51487a31aa031a48f	413	1652	2076	143
METHOD_EXIT	io.netty.util.concurrent.DefaultThreadProperties#isAlive():boolean	629cf6b9ab54f69432c9	455	459	925	793
METHOD_ENTRY	io.netty.util.concurrent.DefaultPromise#tryFailure(Throwable):boolean	9bc091679762166c9172	413	1592	2016	255
METHOD_ENTRY	io.netty.util.concurrent.DefaultPromise#setUncancellable():boolean	27355e4268c09d15b7a2	413	1630	2054	312
METHOD_EXIT	io.netty.util.concurrent.DefaultPromise#tryFailure(Throwable):boolean	bf43584fade647c6874b	455	1669	2135	282
METHOD_ENTRY	io.netty.util.concurrent.DefaultPromise#setSuccess(V):Promise<V>	2ea1f2478249b32a125f	413	1677	2101	207
METHOD_EXIT	io.netty.util.concurrent.DefaultPromise#setUncancellable():boolean	eff4ba5190e161ccce91	455	1704	2170	327
METHOD_ENTRY	io.netty.util.concurrent.DefaultPromise#isSuccess():boolean	5b3a84f8393a88619779	413	1605	2029	153
METHOD_EXIT	io.netty.util.concurrent.DefaultPromise#isCancellable():boolean	595b8febe28057ce55b9	455	1661	2127	181
METHOD_EXIT	io.netty.util.concurrent.DefaultPromise#isSuccess():boolean	ae65a74e6fc713820375	455	1679	2145	331
METHOD_ENTRY	io.netty.util.concurrent.DefaultPromise#fillInStackTrace():Throwable	d1304dc353de2ccae7e7	413	1597	2021	228
METHOD_EXIT	io.netty.util.concurrent.DefaultPromise#fillInStackTrace():Throwable	896a5de0ced81c61872a	455	1671	2137	221
METHOD_ENTRY	io.netty.util.concurrent.DefaultPromise#isCancellable():boolean	99e71c6edba25f1aaa16	413	1587	2011	258
METHOD_EXIT	io.netty.util.concurrent.DefaultPromise#toString():String	4982f13f7be1898c2269	455	1662	2128	240
METHOD_EXIT	io.netty.util.concurrent.DefaultPromise#cause():Throwable	107fcef94185bf752850	455	1657	2123	259
METHOD_ENTRY	io.netty.util.concurrent.DefaultPromise#cause():Throwable	7cdd7a442fbca0ce6699	413	1583	2007	224
METHOD_ENTRY	io.netty.util.concurrent.DefaultPromise#cause0(Object):Throwable	2a470cf45e5211ad0dca	413	1734	2158	331
METHOD_EXIT	io.netty.util.concurrent.DefaultPromise#cause0(Object):Throwable	cbdb4bcd465ce0d6b1d6	455	1745	2211	301
METHOD_ENTRY	io.netty.util.concurrent.DefaultPromise#addListener(GenericFutureListener<? extends Future<? super V>>):Promise<V>	cb3b5b05e6efc19a173a	413	1654	2078	77
METHOD_ENTRY	io.netty.util.concurrent.DefaultPromise#toString():String	d5884fc96c7cde3e87f4	413	1588	2012	226
METHOD_ENTRY	io.netty.util.concurrent.DefaultPromise#addListeners(GenericFutureListener<? extends Future<? super V>>):Promise<V>	83db782b756a54aedc8b	413	1689	2113	285
METHOD_EXIT	io.netty.util.concurrent.DefaultPromise#addListeners(GenericFutureListener<? extends Future<? super V>>):Promise<V>	10a1a2d77d2ab57c2e39	455	1767	2233	300
METHOD_ENTRY	io.netty.util.concurrent.DefaultPromise#removeListener(GenericFutureListener<? extends Future<? super V>>):Promise<V>	58cb12d897cdba7ee09e	413	1642	2066	123
METHOD_ENTRY	io.netty.util.concurrent.DefaultPromise#removeListeners(GenericFutureListener<? extends Future<? super V>>):Promise<V>	3764adf0077718aa7f50	413	1677	2101	207
METHOD_EXIT	io.netty.util.concurrent.DefaultPromise#removeListeners(GenericFutureListener<? extends Future<? super V>>):Promise<V>	dc7887dddd67867923f9	455	1755	2221	233
METHOD_EXIT	io.netty.util.concurrent.DefaultPromise#addListener(GenericFutureListener<? extends Future<? super V>>):Promise<V>	2efd3d5cd040ffabe067	455	1732	2198	212
METHOD_EXIT	io.netty.util.concurrent.DefaultPromise#removeListener(GenericFutureListener<? extends Future<? super V>>):Promise<V>	04a3d585cc8eb9ec299e	455	1720	2186	252
METHOD_EXIT	io.netty.util.concurrent.DefaultPromise#await():Promise<V>	44223fa53ffd97ba473b	455	1738	2204	231
METHOD_ENTRY	io.netty.util.concurrent.DefaultPromise#awaitUninterruptibly():Promise<V>	cbcd1511e365dfd82a02	413	1690	2114	244
METHOD_EXIT	io.netty.util.concurrent.DefaultPromise#awaitUninterruptibly():Promise<V>	6bd58ee29628f8f9088e	455	1765	2231	291
METHOD_EXIT	io.netty.util.concurrent.DefaultPromise#await(long,TimeUnit):boolean	37931f96a0891b200d4f	455	1687	2153	285
METHOD_ENTRY	io.netty.util.concurrent.DefaultPromise#await(long,TimeUnit):boolean	e7a1bc0a9e93d6d9b81d	413	1610	2034	276
METHOD_ENTRY	io.netty.util.concurrent.DefaultPromise#await():Promise<V>	f64f66d67d55549d20ac	413	1663	2087	270
METHOD_ENTRY	io.netty.util.concurrent.DefaultPromise#awaitUninterruptibly(long,TimeUnit):boolean	5b1b7595fa54993ba3aa	413	1642	2066	251
METHOD_EXIT	io.netty.util.concurrent.DefaultPromise#awaitUninterruptibly(long,TimeUnit):boolean	ebdee50c0b8d67634780	455	1719	2185	288
METHOD_EXIT	io.netty.util.concurrent.DefaultPromise#await(long):boolean	2ea5e8967b532828b429	455	1678	2144	247
METHOD_ENTRY	io.netty.util.concurrent.DefaultPromise#awaitUninterruptibly(long):boolean	9e2ab3c29b405842767e	413	1633	2057	313
METHOD_EXIT	io.netty.util.concurrent.DefaultPromise#awaitUninterruptibly(long):boolean	4200669b6bb7b9398d2e	455	1710	2176	284
METHOD_ENTRY	io.netty.util.concurrent.DefaultPromise#getNow():V	444659aee09d48a1112e	413	1625	2049	270
METHOD_ENTRY	io.netty.util.concurrent.DefaultPromise#await(long):boolean	48fa19c396b97fe39605	413	1601	2025	133
METHOD_EXIT	io.netty.util.concurrent.DefaultPromise#get():V	bb65f74c4ea7e4d92ddd	455	1763	2229	360
METHOD_ENTRY	io.netty.util.concurrent.DefaultPromise#get():V	2d2f4d71e090f9e428f1	413	1689	2113	248
METHOD_EXIT	io.netty.util.concurrent.DefaultPromise#get(long,TimeUnit):V	f8a212f8e31da52bfd04	455	1820	2286	316
METHOD_ENTRY	io.netty.util.concurrent.DefaultPromise#cancel(boolean):boolean	6f49e294abcbfdaeb99b	413	1637	2061	213
METHOD_ENTRY	io.netty.util.concurrent.DefaultPromise#get(long,TimeUnit):V	28a40babe61306ea7668	413	1743	2167	269
METHOD_EXIT	io.netty.util.concurrent.DefaultPromise#cancel(boolean):boolean	8fd9c89cf2e5eefb77ad	455	1714	2180	322
METHOD_EXIT	io.netty.util.concurrent.DefaultPromise#getNow():V	f07bbbbb28fbfbf927b0	455	1699	2165	376
METHOD_EXIT	io.netty.util.concurrent.DefaultPromise#isCancelled():boolean	0547a063b29d2f160816	455	1660	2126	249
METHOD_EXIT	io.netty.util.concurrent.DefaultPromise#isDone():boolean	7fa76b017320eaaf9155	455	1660	2126	293
METHOD_ENTRY	io.netty.util.concurrent.DefaultPromise#isDone():boolean	bcf52b22e02e208aaa9a	413	1586	2010	279
METHOD_ENTRY	io.netty.util.concurrent.DefaultPromise#sync():Promise<V>	313cfa0a36a26ff90f95	413	1597	2021	928
METHOD_ENTRY	io.netty.util.concurrent.DefaultPromise#syncUninterruptibly():Promise<V>	77fbc5d7a04c372081dd	413	1603	2027	216
METHOD_ENTRY	io.netty.util.concurrent.DefaultPromise#isCancelled():boolean	58cf0ab9037159cb33f4	413	1586	2010	295
METHOD_EXIT	io.netty.util.concurrent.DefaultPromise#toString():String	4982f13f7be1898c2269	455	1662	2128	240
METHOD_EXIT	io.netty.util.concurrent.DefaultPromise#sync():Promise<V>	8c73021993a54f6effde	455	1672	2138	264
METHOD_ENTRY	io.netty.util.concurrent.DefaultPromise#toStringBuilder():StringBuilder	181c74a88a0d714c89ef	413	1735	2159	400
METHOD_EXIT	io.netty.util.concurrent.DefaultPromise#toStringBuilder():StringBuilder	cc7c49663464368bbe23	455	1810	2276	288
METHOD_EXIT	io.netty.util.concurrent.DefaultPromise#syncUninterruptibly():Promise<V>	70754e6ff78ae5a6eff5	455	1678	2144	258
METHOD_ENTRY	io.netty.util.concurrent.DefaultPromise#executor():EventExecutor	2d1f1b330a1c5342cbec	413	1580	2004	209
METHOD_ENTRY	io.netty.util.concurrent.DefaultPromise#checkDeadLock():void	24d2822b4791d95e6cd1	413	1609	2033	211
METHOD_EXIT	io.netty.util.concurrent.DefaultPromise#executor():EventExecutor	a5e87c250d620fa1e381	455	1655	2121	312
METHOD_EXIT	io.netty.util.concurrent.DefaultPromise#notifyListener(EventExecutor,Future<?>,GenericFutureListener<?>):void	7b775c73ea6a35986693	455	1673	2139	262
METHOD_ENTRY	io.netty.util.concurrent.DefaultPromise#notifyListener(EventExecutor,Future<?>,GenericFutureListener<?>):void	90847d16cbd548f49de4	413	1662	2086	230
METHOD_EXIT	io.netty.util.concurrent.DefaultPromise#notifyListeners():void	5431c63b14c918c5bdfa	455	1723	2189	191
METHOD_ENTRY	io.netty.util.concurrent.DefaultPromise#toString():String	d5884fc96c7cde3e87f4	413	1588	2012	226
METHOD_ENTRY	io.netty.util.concurrent.DefaultPromise#notifyListeners():void	8b490d4ad27ef2cb4c40	413	1712	2136	284
METHOD_ENTRY	io.netty.util.concurrent.DefaultPromise#run():void	8bd456bba0b2b989f3ec	413	1563	1987	202
METHOD_ENTRY	io.netty.util.concurrent.DefaultPromise#notifyListenerWithStackOverFlowProtection(EventExecutor,Future<?>,GenericFutureListener<?>):void	952f7104d0f96b77ac31	413	1769	2193	258
METHOD_ENTRY	io.netty.util.concurrent.DefaultPromise#run():void	8bd456bba0b2b989f3ec	413	1563	1987	202
METHOD_EXIT	io.netty.util.concurrent.DefaultPromise#notifyListenerWithStackOverFlowProtection(EventExecutor,Future<?>,GenericFutureListener<?>):void	5caf9fa5ca1f4021ceae	455	1780	2246	302
METHOD_EXIT	io.netty.util.concurrent.DefaultPromise#run():void	deef1ffdcbf42c556015	455	1574	2040	209
METHOD_EXIT	io.netty.util.concurrent.DefaultPromise#checkDeadLock():void	fbc05985cf56a8855819	455	1620	2086	154
METHOD_ENTRY	io.netty.util.concurrent.DefaultPromise#notifyListeners0(DefaultFutureListeners):void	4b1cebc7c99a31631535	413	1634	2058	232
METHOD_EXIT	io.netty.util.concurrent.DefaultPromise#notifyListeners0(DefaultFutureListeners):void	7ba6651859e84f1523f5	455	1645	2111	287
METHOD_EXIT	io.netty.util.concurrent.DefaultPromise#notifyListenersNow():void	316dcce03a87bc5be28e	455	1829	2295	348
METHOD_ENTRY	io.netty.util.concurrent.DefaultPromise#notifyListener0(Future,GenericFutureListener):void	78934db4dc370210ebc1	413	1669	2093	228
METHOD_ENTRY	io.netty.util.concurrent.DefaultPromise#notifyListenersNow():void	fce284cb8a06283103e9	413	1818	2242	339
METHOD_ENTRY	io.netty.util.concurrent.DefaultPromise#removeListener0(GenericFutureListener<? extends Future<? super V>>):void	7aa27896169ddf4aa044	413	1673	2097	294
METHOD_EXIT	io.netty.util.concurrent.DefaultPromise#addListener0(GenericFutureListener<? extends Future<? super V>>):void	7a5d2042b6382017c8bb	455	1684	2150	326
METHOD_EXIT	io.netty.util.concurrent.DefaultPromise#removeListener0(GenericFutureListener<? extends Future<? super V>>):void	cf77cf479dff20aa8201	455	1684	2150	309
METHOD_ENTRY	io.netty.util.concurrent.DefaultPromise#setSuccess0(V):boolean	d4aa78d60ba3eb442817	413	1656	2080	56
METHOD_ENTRY	io.netty.util.concurrent.DefaultPromise#addListener0(GenericFutureListener<? extends Future<? super V>>):void	ca2c6fbfda9cf16a5d74	413	1673	2097	292
METHOD_EXIT	io.netty.util.concurrent.DefaultPromise#run():void	deef1ffdcbf42c556015	455	1574	2040	209
METHOD_ENTRY	io.netty.util.concurrent.DefaultPromise#setFailure0(Throwable):boolean	4d078b5e16633ca173b0	413	1599	2023	177
METHOD_EXIT	io.netty.util.concurrent.DefaultPromise#setFailure0(Throwable):boolean	84cf0ec451cba06eb396	455	1676	2142	269
METHOD_ENTRY	io.netty.util.concurrent.DefaultPromise#setValue0(Object):boolean	e4ad2ffe0f63f5d90735	413	1646	2070	268
METHOD_EXIT	io.netty.util.concurrent.DefaultPromise#setValue0(Object):boolean	12bf47a5d7c663ba7710	455	1723	2189	413
METHOD_EXIT	io.netty.util.concurrent.DefaultPromise#setSuccess0(V):boolean	b2445a5996b82e11cc42	455	1667	2133	267
METHOD_EXIT	io.netty.util.concurrent.DefaultPromise#incWaiters():void	e79ef3918fd762a12680	455	1623	2089	172
METHOD_ENTRY	io.netty.util.concurrent.DefaultPromise#incWaiters():void	0ec21d23e9ed40db4227	413	1612	2036	244
METHOD_EXIT	io.netty.util.concurrent.DefaultPromise#notifyListener0(Future,GenericFutureListener):void	fbd2fd93d6f301dcf488	455	1680	2146	283
METHOD_EXIT	io.netty.util.concurrent.DefaultPromise#decWaiters():void	fdbb5bedd6861ef22e19	455	1594	2060	299
METHOD_ENTRY	io.netty.util.concurrent.DefaultPromise#decWaiters():void	c2ed62ee0765c6b60a2b	413	1583	2007	270
METHOD_ENTRY	io.netty.util.concurrent.DefaultPromise#checkNotifyWaiters():boolean	4a28cbff28dfaea6cdf0	413	1607	2031	281
METHOD_EXIT	io.netty.util.concurrent.DefaultPromise#rethrowIfFailed():void	afe9df06b86ef8d83a2d	455	1658	2124	320
METHOD_ENTRY	io.netty.util.concurrent.DefaultPromise#await0(long,boolean):boolean	11606630870e0ce1cbf7	413	1918	2342	285
METHOD_ENTRY	io.netty.util.concurrent.DefaultPromise#notifyProgressiveListeners(long,long):void	045a367d6b71c4f5dbe2	413	1876	2300	247
METHOD_EXIT	io.netty.util.concurrent.DefaultPromise#notifyProgressiveListeners(long,long):void	dc986c750287e8fa0286	455	1887	2353	254
METHOD_ENTRY	io.netty.util.concurrent.DefaultPromise#rethrowIfFailed():void	60258412789b6cc4e08b	413	1647	2071	268
METHOD_EXIT	io.netty.util.concurrent.DefaultPromise#run():void	deef1ffdcbf42c556015	455	1574	2040	209
METHOD_ENTRY	io.netty.util.concurrent.DefaultPromise#run():void	8bd456bba0b2b989f3ec	413	1563	1987	202
METHOD_EXIT	io.netty.util.concurrent.DefaultPromise#checkNotifyWaiters():boolean	b26274a37bcbcaac28ec	455	1681	2147	252
METHOD_ENTRY	io.netty.util.concurrent.DefaultPromise#run():void	8bd456bba0b2b989f3ec	413	1563	1987	202
METHOD_EXIT	io.netty.util.concurrent.DefaultPromise#run():void	deef1ffdcbf42c556015	455	1574	2040	209
METHOD_ENTRY	io.netty.util.concurrent.DefaultPromise#progressiveListeners():Object	5c753d4fcd155542d9aa	413	1866	2290	341
METHOD_EXIT	io.netty.util.concurrent.DefaultPromise#await0(long,boolean):boolean	04d8d381653ed5134f0e	455	1995	2461	324
METHOD_ENTRY	io.netty.util.concurrent.DefaultPromise#notifyProgressiveListeners0(ProgressiveFuture<?>,GenericProgressiveFutureListener<?>[],long,long):void	24055cc32b19c1c57cde	413	1687	2111	168
METHOD_EXIT	io.netty.util.concurrent.DefaultPromise#notifyProgressiveListeners0(ProgressiveFuture<?>,GenericProgressiveFutureListener<?>[],long,long):void	6b5f436dad22673fbb45	455	1698	2164	226
METHOD_ENTRY	io.netty.util.concurrent.DefaultPromise#isCancelled0(Object):boolean	d9638ac3319179f10349	413	1663	2087	311
METHOD_EXIT	io.netty.util.concurrent.DefaultPromise#isCancelled0(Object):boolean	a764d78d2cb797d66f0c	455	1674	2140	249
METHOD_EXIT	io.netty.util.concurrent.DefaultPromise#progressiveListeners():Object	cf3f78d56d0c4d43049f	455	1940	2406	350
METHOD_EXIT	io.netty.util.concurrent.DefaultPromise#isDone0(Object):boolean	b89824ecd907ccc08f27	455	1669	2135	270
METHOD_ENTRY	io.netty.util.concurrent.DefaultPromise#safeExecute(EventExecutor,Runnable):void	29ee50993ad72b257862	413	1634	2058	248
METHOD_EXIT	io.netty.util.concurrent.DefaultPromise#safeExecute(EventExecutor,Runnable):void	558099e510f337778de0	455	1645	2111	253
METHOD_ENTRY	io.netty.util.concurrent.DefaultPromise#fillInStackTrace():Throwable	d1304dc353de2ccae7e7	413	1597	2021	228
METHOD_ENTRY	io.netty.util.concurrent.DefaultPromise#notifyProgressiveListener0(ProgressiveFuture,GenericProgressiveFutureListener,long,long):void	8b5e9f35a75abf93395c	413	1708	2132	143
METHOD_EXIT	io.netty.util.concurrent.DefaultPromise#fillInStackTrace():Throwable	896a5de0ced81c61872a	455	1671	2137	221
METHOD_EXIT	io.netty.util.concurrent.DefaultPromise#notifyProgressiveListener0(ProgressiveFuture,GenericProgressiveFutureListener,long,long):void	9d3e1031d942bc5964ba	455	1719	2185	253
METHOD_ENTRY	io.netty.util.concurrent.DefaultPromise#newInstance(Class<?>,String):StacklessCancellationException	4813de17453aae972d5c	413	1618	2042	244
METHOD_EXIT	io.netty.util.concurrent.DefaultPromise#newInstance(Class<?>,String):StacklessCancellationException	33ba18a92ffc0a18a5c9	455	1698	2164	220
METHOD_EXIT	io.netty.util.concurrent.LeanCancellationException#fillInStackTrace():Throwable	6b60c5a17d63a99c513b	455	472	938	293
METHOD_ENTRY	io.netty.util.concurrent.DefaultPromise#isDone0(Object):boolean	ac1c056f9024f2067d30	413	1658	2082	266
METHOD_EXIT	io.netty.util.concurrent.StacklessCancellationException#fillInStackTrace():Throwable	198c8a6935de7879f24d	455	472	938	286
METHOD_EXIT	io.netty.util.concurrent.LeanCancellationException#toString():String	c886c41d15cb7925b4a0	455	463	929	243
METHOD_ENTRY	io.netty.util.concurrent.StacklessCancellationException#newInstance(Class<?>,String):StacklessCancellationException	ce2c2957e7a033056e50	413	419	843	255
METHOD_EXIT	io.netty.util.concurrent.AbstractEventExecutorGroup#submit(Runnable):Future<?>	62e90b617c416527d934	455	779	1245	202
METHOD_ENTRY	io.netty.util.concurrent.AbstractEventExecutorGroup#submit(Runnable,T):Future<T>	c5a4e920f8aa298f94ea	413	778	1202	166
METHOD_EXIT	io.netty.util.concurrent.AbstractEventExecutorGroup#submit(Runnable,T):Future<T>	a084091e41239f36c922	455	790	1256	255
METHOD_ENTRY	io.netty.util.concurrent.LeanCancellationException#toString():String	97362afe51b0bb595601	413	389	813	221
METHOD_ENTRY	io.netty.util.concurrent.AbstractEventExecutorGroup#submit(Runnable):Future<?>	4d79a159c77d64b5a832	413	701	1125	89
METHOD_ENTRY	io.netty.util.concurrent.StacklessCancellationException#fillInStackTrace():Throwable	27a8d97217fe27a3eec8	413	398	822	64
METHOD_ENTRY	io.netty.util.concurrent.LeanCancellationException#fillInStackTrace():Throwable	0ef6e1a5cc06afe5e648	413	398	822	85
METHOD_ENTRY	io.netty.util.concurrent.AbstractEventExecutorGroup#submit(Callable<T>):Future<T>	ed482c91fc498989aed9	413	710	1134	179
METHOD_EXIT	io.netty.util.concurrent.AbstractEventExecutorGroup#submit(Callable<T>):Future<T>	09f1eb476752167b05bc	455	788	1254	260
METHOD_ENTRY	io.netty.util.concurrent.AbstractEventExecutorGroup#schedule(Runnable,long,TimeUnit):ScheduledFuture<?>	492e22418c6213d41407	413	729	1153	129
METHOD_EXIT	io.netty.util.concurrent.AbstractEventExecutorGroup#schedule(Runnable,long,TimeUnit):ScheduledFuture<?>	b288ad92afeb63e08138	455	808	1274	223
METHOD_EXIT	io.netty.util.concurrent.StacklessCancellationException#newInstance(Class<?>,String):StacklessCancellationException	d7fa572e7d3384cdb0c6	455	499	965	282
METHOD_ENTRY	io.netty.util.concurrent.AbstractEventExecutorGroup#scheduleAtFixedRate(Runnable,long,long,TimeUnit):ScheduledFuture<?>	eb5531027b8da4dd62d3	413	752	1176	205
METHOD_ENTRY	io.netty.util.concurrent.AbstractEventExecutorGroup#schedule(Callable<V>,long,TimeUnit):ScheduledFuture<V>	a8ac8aa84c0526a59054	413	740	1164	233
METHOD_EXIT	io.netty.util.concurrent.AbstractEventExecutorGroup#scheduleAtFixedRate(Runnable,long,long,TimeUnit):ScheduledFuture<?>	9add1cc38d5087c193f7	455	831	1297	238
METHOD_ENTRY	io.netty.util.concurrent.AbstractEventExecutorGroup#scheduleWithFixedDelay(Runnable,long,long,TimeUnit):ScheduledFuture<?>	5f272754d37159f7f245	413	752	1176	245
METHOD_EXIT	io.netty.util.concurrent.AbstractEventExecutorGroup#scheduleWithFixedDelay(Runnable,long,long,TimeUnit):ScheduledFuture<?>	434598694a24b62cccea	455	831	1297	237
METHOD_ENTRY	io.netty.util.concurrent.AbstractEventExecutorGroup#shutdownGracefully():Future<?>	9d39d0792a477b16520a	413	715	1139	5
METHOD_EXIT	io.netty.util.concurrent.AbstractEventExecutorGroup#shutdownGracefully():Future<?>	48b4301fcb80d15fd922	455	790	1256	144
METHOD_EXIT	io.netty.util.concurrent.AbstractEventExecutorGroup#schedule(Callable<V>,long,TimeUnit):ScheduledFuture<V>	84baed8a7f663521051e	455	819	1285	244
METHOD_ENTRY	io.netty.util.concurrent.AbstractEventExecutorGroup#invokeAll(Collection<? extends Callable<T>>):List<java.util.concurrent.Future<T>>	e04c45221674b1550eb9	413	733	1157	667
METHOD_ENTRY	io.netty.util.concurrent.AbstractEventExecutorGroup#invokeAll(Collection<? extends Callable<T>>,long,TimeUnit):List<java.util.concurrent.Future<T>>	84be1153e528843dfa1f	413	760	1184	245
METHOD_EXIT	io.netty.util.concurrent.AbstractEventExecutorGroup#invokeAll(Collection<? extends Callable<T>>):List<java.util.concurrent.Future<T>>	57a4cdf3a1402dfc8f00	455	815	1281	258
METHOD_EXIT	io.netty.util.concurrent.AbstractEventExecutorGroup#invokeAll(Collection<? extends Callable<T>>,long,TimeUnit):List<java.util.concurrent.Future<T>>	9cb9bcb9dbf8b22353bf	455	842	1308	249
METHOD_EXIT	io.netty.util.concurrent.AbstractEventExecutorGroup#shutdownNow():List<Runnable>	8bbe8a2966be581c08a0	455	782	1248	196
METHOD_ENTRY	io.netty.util.concurrent.AbstractEventExecutorGroup#invokeAny(Collection<? extends Callable<T>>):T	8510d483dd7d0cd9c35f	413	723	1147	237
METHOD_ENTRY	io.netty.util.concurrent.AbstractEventExecutorGroup#shutdownNow():List<Runnable>	176e5518715388b9d003	413	706	1130	175
METHOD_ENTRY	io.netty.util.concurrent.AbstractEventExecutorGroup#invokeAny(Collection<? extends Callable<T>>,long,TimeUnit):T	fa7b419c17ae9a35e811	413	753	1177	227
METHOD_EXIT	io.netty.util.concurrent.AbstractEventExecutorGroup#invokeAny(Collection<? extends Callable<T>>,long,TimeUnit):T	d31cd57acdd0fc7923f7	455	830	1296	284
METHOD_ENTRY	io.netty.util.concurrent.AbstractEventExecutorGroup#execute(Runnable):void	46cba9532bc6ff5f2c03	413	698	1122	108
METHOD_EXIT	io.netty.util.concurrent.AbstractEventExecutorGroup#invokeAny(Collection<? extends Callable<T>>):T	3bc18dac554797f395ca	455	800	1266	283
METHOD_EXIT	io.netty.util.concurrent.AbstractEventExecutorGroup#execute(Runnable):void	d40317864b99e295d96c	455	709	1175	244
METHOD_EXIT	io.netty.util.concurrent.MultithreadEventExecutorGroup#next():EventExecutor	c9225321c996d485daaf	455	875	1341	246
METHOD_ENTRY	io.netty.util.concurrent.MultithreadEventExecutorGroup#iterator():Iterator<EventExecutor>	cf8d40be8e530d3415cb	413	805	1229	244
METHOD_EXIT	io.netty.util.concurrent.MultithreadEventExecutorGroup#newDefaultThreadFactory():ThreadFactory	3dbc9c7b0c5de6cfae1f	455	882	1348	180
METHOD_EXIT	io.netty.util.concurrent.MultithreadEventExecutorGroup#iterator():Iterator<EventExecutor>	c8c1246305490832565d	455	881	1347	308
METHOD_EXIT	io.netty.util.concurrent.MultithreadEventExecutorGroup#executorCount():int	d3cd4f6b4fe8874900c1	455	872	1338	90
METHOD_ENTRY	io.netty.util.concurrent.MultithreadEventExecutorGroup#newDefaultThreadFactory():ThreadFactory	45766f717e64ebed2f46	413	807	1231	171
METHOD_EXIT	io.netty.util.concurrent.MultithreadEventExecutorGroup#activeExecutorCount():int	d9432f17511ac2f09335	455	900	1366	306
METHOD_ENTRY	io.netty.util.concurrent.MultithreadEventExecutorGroup#executorUtilizations():List<AutoScalingUtilizationMetric>	ffc67e2c758c38e55bbf	413	841	1265	225
METHOD_ENTRY	io.netty.util.concurrent.MultithreadEventExecutorGroup#next():EventExecutor	feb4ff0f9f8461e84ea4	413	800	1224	186
METHOD_EXIT	io.netty.util.concurrent.MultithreadEventExecutorGroup#executorUtilizations():List<AutoScalingUtilizationMetric>	9ca0e9409257ee1d0527	455	921	1387	282
METHOD_ENTRY	io.netty.util.concurrent.MultithreadEventExecutorGroup#shutdownGracefully(long,long,TimeUnit):Future<?>	1310f5187a6319c1fb7c	413	858	1282	228
METHOD_ENTRY	io.netty.util.concurrent.MultithreadEventExecutorGroup#activeExecutorCount():int	7806466da2c6e9a94b15	413	826	1250	145
METHOD_ENTRY	io.netty.util.concurrent.MultithreadEventExecutorGroup#terminationFuture():Future<?>	3fa89628e01a47281f6c	413	802	1226	230
METHOD_ENTRY	io.netty.util.concurrent.MultithreadEventExecutorGroup#executorCount():int	f62fd4c87a46d761d5d3	413	798	1222	198
METHOD_EXIT	io.netty.util.concurrent.MultithreadEventExecutorGroup#shutdown():void	766f5309c1dd2ac086e0	455	824	1290	67
METHOD_ENTRY	io.netty.util.concurrent.MultithreadEventExecutorGroup#isShuttingDown():boolean	fee3d946250b9eb6ffcc	413	831	1255	287
METHOD_EXIT	io.netty.util.concurrent.MultithreadEventExecutorGroup#terminationFuture():Future<?>	b82516e4d79f669049a6	455	877	1343	253
METHOD_EXIT	io.netty.util.concurrent.MultithreadEventExecutorGroup#isShuttingDown():boolean	5aa66938e60f0290d911	455	905	1371	196
METHOD_EXIT	io.netty.util.concurrent.MultithreadEventExecutorGroup#shutdownGracefully(long,long,TimeUnit):Future<?>	f2a6a16b36ca1f5a86f7	455	936	1402	232
METHOD_ENTRY	io.netty.util.concurrent.MultithreadEventExecutorGroup#isShutdown():boolean	725dd25db3464458f8e8	413	825	1249	257
METHOD_ENTRY	io.netty.util.concurrent.MultithreadEventExecutorGroup#isTerminated():boolean	0a799677ccd795247bdc	413	828	1252	203
METHOD_EXIT	io.netty.util.concurrent.MultithreadEventExecutorGroup#isTerminated():boolean	de260f0b2bc9fbd4ab7f	455	902	1368	176
METHOD_ENTRY	io.netty.util.concurrent.MultithreadEventExecutorGroup#shutdown():void	2d7e93f6e648b8f9e344	413	813	1237	226
METHOD_ENTRY	io.netty.util.concurrent.MultithreadEventExecutorGroup#awaitTermination(long,TimeUnit):boolean	58fb48f1a8ec7301d98f	413	906	1330	295
METHOD_EXIT	io.netty.util.concurrent.MultithreadEventExecutorGroup#awaitTermination(long,TimeUnit):boolean	5ab7b8dc11de9193e04a	455	983	1449	214
METHOD_EXIT	io.netty.util.concurrent.MultithreadEventExecutorGroup#isShutdown():boolean	9273054c86990a5e1196	455	899	1365	317
METHOD_EXIT	io.netty.util.concurrent.AutoScalingEventExecutorChooserFactory#utilization():double	ac1df15623e598b1fe31	455	813	1279	296
METHOD_ENTRY	io.netty.util.concurrent.AutoScalingEventExecutorChooserFactory#executor():EventExecutor	4e012bb492e8883ffa70	413	732	1156	277
METHOD_EXIT	io.netty.util.concurrent.AutoScalingEventExecutorChooserFactory#executor():EventExecutor	09ee09eeb4c9c9a942ec	455	807	1273	113
METHOD_ENTRY	io.netty.util.concurrent.AutoScalingEventExecutorChooserFactory#newChooser(EventExecutor[]):EventExecutorChooser	888648c6e20f83e0be77	413	758	1182	231
METHOD_EXIT	io.netty.util.concurrent.AutoScalingEventExecutorChooserFactory#setUtilization(double):void	cea3fe312140e0139999	455	764	1230	188
METHOD_ENTRY	io.netty.util.concurrent.AutoScalingEventExecutorChooserFactory#utilization():double	40282d67fb4484274ff5	413	739	1163	236
METHOD_ENTRY	io.netty.util.concurrent.AutoScalingEventExecutorChooserFactory#next():EventExecutor	586c4409d4e732926c5d	413	852	1276	274
METHOD_EXIT	io.netty.util.concurrent.AutoScalingEventExecutorChooserFactory#newChooser(EventExecutor[]):EventExecutorChooser	dc7fa70fa8e038de9283	455	837	1303	216
METHOD_EXIT	io.netty.util.concurrent.AutoScalingEventExecutorChooserFactory#next():EventExecutor	2f04905c7b7167092aaa	455	927	1393	230
METHOD_ENTRY	io.netty.util.concurrent.AutoScalingEventExecutorChooserFactory#tryScaleUpBy(int):void	19916588ffdb28ddb68b	413	1115	1539	211
METHOD_EXIT	io.netty.util.concurrent.AutoScalingEventExecutorChooserFactory#tryScaleUpBy(int):void	339d46897d5ec5d5fbf9	455	1126	1592	283
METHOD_ENTRY	io.netty.util.concurrent.AutoScalingEventExecutorChooserFactory#activeExecutorCount():int	82e1b1c3a721b170c4d5	413	742	1166	241
METHOD_ENTRY	io.netty.util.concurrent.AutoScalingEventExecutorChooserFactory#setUtilization(double):void	60ce73c3b2d40883ef6e	413	753	1177	200
METHOD_ENTRY	io.netty.util.concurrent.AutoScalingEventExecutorChooserFactory#executorUtilizations():List<AutoScalingUtilizationMetric>	12b9fcad1940cd48b6bf	413	752	1176	204
METHOD_ENTRY	io.netty.util.concurrent.AutoScalingEventExecutorChooserFactory#run():void	c75f90ebd4ce9d6f978b	413	1770	2194	172
METHOD_ENTRY	io.netty.util.concurrent.AutoScalingEventExecutorChooserFactory#rebuildActiveExecutors():void	467e43600584e6120917	413	924	1348	265
METHOD_EXIT	io.netty.util.concurrent.AutoScalingEventExecutorChooserFactory#run():void	25bef818b51347e22e04	455	1781	2247	299
METHOD_EXIT	io.netty.util.concurrent.AutoScalingEventExecutorChooserFactory#rebuildActiveExecutors():void	fb1e3d8fd3fc741e4b26	455	935	1401	285
METHOD_EXIT	io.netty.util.concurrent.AutoScalingUtilizationMetric#utilization():double	2903375ca4e33b551bca	455	463	929	172
METHOD_ENTRY	io.netty.util.concurrent.AutoScalingUtilizationMetric#executor():EventExecutor	1d00a609eb43f1a3b8b8	413	382	806	47
METHOD_ENTRY	io.netty.util.concurrent.AutoScalingUtilizationMetric#utilization():double	640b9602e4096c7e9f2b	413	389	813	228
METHOD_EXIT	io.netty.util.concurrent.AutoScalingEventExecutorChooserFactory#activeExecutorCount():int	f54034abc5133af089f0	455	816	1282	259
METHOD_EXIT	io.netty.util.concurrent.AutoScalingEventExecutorChooserFactory#executorUtilizations():List<AutoScalingUtilizationMetric>	60412aee5179c4409e92	455	832	1298	253
METHOD_ENTRY	io.netty.util.concurrent.AutoScalingUtilizationMetric#setUtilization(double):void	5ab2189844a26ffa0595	413	403	827	253
METHOD_EXIT	io.netty.util.concurrent.AutoScalingUtilizationMetric#setUtilization(double):void	623d5aaea2cef09ac537	455	414	880	249
METHOD_ENTRY	io.netty.util.concurrent.AutoScalingEventExecutorChooser#next():EventExecutor	b17ff12dac375686854c	413	502	926	306
METHOD_EXIT	io.netty.util.concurrent.AutoScalingEventExecutorChooser#next():EventExecutor	dabf105b5cd60eeb44c3	455	577	1043	105
METHOD_EXIT	io.netty.util.concurrent.AutoScalingUtilizationMetric#executor():EventExecutor	cd70053f764d6df29357	455	457	923	59
METHOD_ENTRY	io.netty.util.concurrent.AutoScalingEventExecutorChooser#tryScaleUpBy(int):void	43b2226273f4957d67cf	413	765	1189	139
METHOD_ENTRY	io.netty.util.concurrent.AutoScalingEventExecutorChooser#activeExecutorCount():int	07c8643ddad01a00a692	413	392	816	186
METHOD_ENTRY	io.netty.util.concurrent.AutoScalingEventExecutorChooser#executorUtilizations():List<AutoScalingUtilizationMetric>	45feaece89a5675a804e	413	402	826	260
METHOD_EXIT	io.netty.util.concurrent.AutoScalingEventExecutorChooser#executorUtilizations():List<AutoScalingUtilizationMetric>	76b93bb43b336c03ccf9	455	482	948	56
METHOD_EXIT	io.netty.util.concurrent.AutoScalingEventExecutorChooser#activeExecutorCount():int	bc6331a40f2dc2752cfa	455	466	932	99
METHOD_ENTRY	io.netty.util.concurrent.AutoScalingEventExecutorChooser#run():void	f40b01a586ae1087af32	413	1420	1844	224
METHOD_EXIT	io.netty.util.concurrent.AutoScalingEventExecutorChooser#run():void	ab9beb7bf7fa9842b19d	455	1431	1897	394
METHOD_EXIT	io.netty.util.concurrent.AutoScalingEventExecutorChooser#rebuildActiveExecutors():void	e26a10957b70efb8efca	455	585	1051	278
METHOD_ENTRY	io.netty.util.concurrent.AutoScalingEventExecutorChooser#rebuildActiveExecutors():void	112648996dc1a5e9b19e	413	574	998	186
METHOD_ENTRY	io.netty.util.concurrent.DefaultEventExecutorChooserFactory#newChooser(EventExecutor[]):EventExecutorChooser	6fc8cd12f29466648795	413	507	931	292
METHOD_EXIT	io.netty.util.concurrent.DefaultEventExecutorChooserFactory#newChooser(EventExecutor[]):EventExecutorChooser	313059dba3db19ff459b	455	586	1052	325
METHOD_ENTRY	io.netty.util.concurrent.DefaultEventExecutorChooserFactory#isPowerOfTwo(int):boolean	6c23d3fa329430394965	413	467	891	267
METHOD_EXIT	io.netty.util.concurrent.DefaultEventExecutorChooserFactory#isPowerOfTwo(int):boolean	1ed4cc6726956e7d5026	455	544	1010	270
METHOD_ENTRY	io.netty.util.concurrent.UtilizationMonitor#run():void	a3db7fa8f8a37662559f	413	1418	1842	193
METHOD_ENTRY	io.netty.util.concurrent.DefaultEventExecutorChooserFactory#next():EventExecutor	9888444db1cfe62ea0ff	413	466	890	219
METHOD_EXIT	io.netty.util.concurrent.UtilizationMonitor#run():void	e85b8e434980e1dc72e1	455	1429	1895	331
METHOD_EXIT	io.netty.util.concurrent.DefaultEventExecutorChooserFactory#next():EventExecutor	2fa10554375b8740cf64	455	541	1007	227
METHOD_ENTRY	io.netty.util.concurrent.DefaultEventExecutorChooserFactory#next():EventExecutor	9888444db1cfe62ea0ff	413	466	890	219
METHOD_ENTRY	io.netty.util.concurrent.PowerOfTwoEventExecutorChooser#next():EventExecutor	3fcc50b8fce3846ca5b0	413	399	823	201
METHOD_EXIT	io.netty.util.concurrent.UtilizationMonitor#rebuildActiveExecutors():void	011314a1b13f8dd7dc55	455	583	1049	268
METHOD_EXIT	io.netty.util.concurrent.DefaultEventExecutorChooserFactory#next():EventExecutor	2fa10554375b8740cf64	455	541	1007	227
METHOD_EXIT	io.netty.util.concurrent.PowerOfTwoEventExecutorChooser#next():EventExecutor	c5c9360436a16b7009b0	455	474	940	280
METHOD_ENTRY	io.netty.util.concurrent.GenericEventExecutorChooser#next():EventExecutor	8c694e493eabf3d75cf7	413	397	821	218
METHOD_EXIT	io.netty.util.concurrent.GenericEventExecutorChooser#next():EventExecutor	296c3262a82159b739c1	455	472	938	175
METHOD_ENTRY	io.netty.util.concurrent.ThreadPerTaskExecutor#execute(Runnable):void	5f9906131c782d497035	413	427	851	160
METHOD_EXIT	io.netty.util.concurrent.ThreadPerTaskExecutor#execute(Runnable):void	2b1804bc73e912409bbb	455	438	904	287
METHOD_EXIT	io.netty.util.concurrent.AutoScalingEventExecutorChooser#tryScaleUpBy(int):void	f4497537879ee7531d61	455	776	1242	377
METHOD_ENTRY	io.netty.util.concurrent.DefaultMockTicker#nanoTime():long	101f694ad2904a9a4046	413	516	940	264
METHOD_EXIT	io.netty.util.concurrent.DefaultMockTicker#nanoTime():long	85bfb4596147aaf54bc4	455	590	1056	177
METHOD_ENTRY	io.netty.util.concurrent.DefaultMockTicker#sleep(long,TimeUnit):void	04b5ceb10c49cdbcd4b6	413	650	1074	273
METHOD_EXIT	io.netty.util.concurrent.DefaultMockTicker#sleep(long,TimeUnit):void	f68042f6d36ba9caa125	455	661	1127	290
METHOD_ENTRY	io.netty.util.concurrent.DefaultMockTicker#awaitSleepingThread(Thread):void	33c9c024a9af9c602fc6	413	552	976	149
METHOD_EXIT	io.netty.util.concurrent.DefaultMockTicker#awaitSleepingThread(Thread):void	e0c63ca4b2e216eecf74	455	563	1029	239
METHOD_EXIT	io.netty.util.concurrent.DefaultMockTicker#advance(long,TimeUnit):void	0ccb801d7250378f7aed	455	616	1082	272
METHOD_ENTRY	io.netty.util.concurrent.DefaultMockTicker#advance(long,TimeUnit):void	984c9482efd185f44e17	413	605	1029	277
METHOD_ENTRY	io.netty.util.concurrent.AbstractScheduledEventExecutor#compare(ScheduledFutureTask<?>,ScheduledFutureTask<?>):int	aac6e19a06531b4565f7	413	1608	2032	196
METHOD_ENTRY	io.netty.util.concurrent.AbstractScheduledEventExecutor#run():void	7890a54622f8d04578b0	413	1598	2022	259
METHOD_EXIT	io.netty.util.concurrent.AbstractScheduledEventExecutor#run():void	29f391ce029fbe7a088a	455	1609	2075	313
METHOD_EXIT	io.netty.util.concurrent.AbstractScheduledEventExecutor#compare(ScheduledFutureTask<?>,ScheduledFutureTask<?>):int	57a9605f5c5f2acf5db0	455	1619	2085	279
METHOD_ENTRY	io.netty.util.concurrent.AbstractScheduledEventExecutor#ticker():Ticker	0d27499df278c5e6a579	413	1620	2044	286
METHOD_EXIT	io.netty.util.concurrent.AbstractScheduledEventExecutor#ticker():Ticker	03ee71d6b0b3537f68aa	455	1695	2161	147
METHOD_EXIT	io.netty.util.concurrent.AbstractScheduledEventExecutor#getCurrentTimeNanos():long	5e031954259a0d1ec36e	455	1701	2167	125
METHOD_ENTRY	io.netty.util.concurrent.AbstractScheduledEventExecutor#nanoTime():long	02605dcf97b046883085	413	1626	2050	200
METHOD_EXIT	io.netty.util.concurrent.AbstractScheduledEventExecutor#nanoTime():long	19111bbc199b5bbcb0ae	455	1700	2166	252
METHOD_EXIT	io.netty.util.concurrent.AbstractScheduledEventExecutor#defaultCurrentTimeNanos():long	043736dcd0ed470e822e	455	1705	2171	294
METHOD_ENTRY	io.netty.util.concurrent.AbstractScheduledEventExecutor#defaultCurrentTimeNanos():long	ae7d267df4020a01ba06	413	1631	2055	46
METHOD_ENTRY	io.netty.util.concurrent.AbstractScheduledEventExecutor#deadlineNanos(long,long):long	4de65882f5921daa42f6	413	1663	2087	274
METHOD_ENTRY	io.netty.util.concurrent.UtilizationMonitor#rebuildActiveExecutors():void	8cc1db884590956e8481	413	572	996	195
METHOD_EXIT	io.netty.util.concurrent.AbstractScheduledEventExecutor#deadlineNanos(long,long):long	d61536d241a961837253	455	1740	2206	293
METHOD_ENTRY	io.netty.util.concurrent.AbstractScheduledEventExecutor#deadlineToDelayNanos(long):long	0e0934f69caa26499a4d	413	1652	2076	274
METHOD_EXIT	io.netty.util.concurrent.AbstractScheduledEventExecutor#deadlineToDelayNanos(long):long	60fdb2b9c281389aa227	455	1729	2195	297
METHOD_ENTRY	io.netty.util.concurrent.AbstractScheduledEventExecutor#delayNanos(long,long):long	cfb6366db928954d558c	413	1693	2117	117
METHOD_EXIT	io.netty.util.concurrent.AbstractScheduledEventExecutor#delayNanos(long,long):long	bf94ed59b184c559251a	455	1770	2236	330
METHOD_ENTRY	io.netty.util.concurrent.AbstractScheduledEventExecutor#initialNanoTime():long	ddefb9f4d5ceffb27266	413	1629	2053	77
METHOD_ENTRY	io.netty.util.concurrent.AbstractScheduledEventExecutor#scheduledTaskQueue():PriorityQueue<ScheduledFutureTask<?>>	f2a83d03db5c4b5afe9f	413	1684	2108	186
METHOD_EXIT	io.netty.util.concurrent.AbstractScheduledEventExecutor#scheduledTaskQueue():PriorityQueue<ScheduledFutureTask<?>>	20f0c1a08075c260d52e	455	1764	2230	329
METHOD_ENTRY	io.netty.util.concurrent.AbstractScheduledEventExecutor#isNullOrEmpty(Queue<ScheduledFutureTask<?>>):boolean	d4a6e374b59c1735aeec	413	1648	2072	334
METHOD_EXIT	io.netty.util.concurrent.AbstractScheduledEventExecutor#isNullOrEmpty(Queue<ScheduledFutureTask<?>>):boolean	f7789ec80ca0221ec546	455	1725	2191	231
METHOD_ENTRY	io.netty.util.concurrent.AbstractScheduledEventExecutor#cancelScheduledTasks():void	427dafaa05a0d7913f33	413	1709	2133	288
METHOD_EXIT	io.netty.util.concurrent.AbstractScheduledEventExecutor#cancelScheduledTasks():void	e55be05ce0dc04439682	455	1720	2186	279
METHOD_ENTRY	io.netty.util.concurrent.AbstractScheduledEventExecutor#pollScheduledTask():Runnable	e48e02d03d3dff7f8a05	413	1625	2049	300
METHOD_ENTRY	io.netty.util.concurrent.AbstractScheduledEventExecutor#getCurrentTimeNanos():long	b69285595f6e75028dcb	413	1627	2051	52
METHOD_EXIT	io.netty.util.concurrent.AbstractScheduledEventExecutor#pollScheduledTask():Runnable	cc0fd19de8427f3f55ae	455	1699	2165	285
METHOD_ENTRY	io.netty.util.concurrent.AbstractScheduledEventExecutor#fetchFromScheduledTaskQueue(Queue<Runnable>):boolean	1a4661240f122b571417	413	1788	2212	258
METHOD_EXIT	io.netty.util.concurrent.AbstractScheduledEventExecutor#fetchFromScheduledTaskQueue(Queue<Runnable>):boolean	b84c629ddaf50b1e15fe	455	1865	2331	323
METHOD_ENTRY	io.netty.util.concurrent.AbstractScheduledEventExecutor#pollScheduledTask(long):Runnable	61bed92ce3fc389095f0	413	1685	2109	248
METHOD_EXIT	io.netty.util.concurrent.AbstractScheduledEventExecutor#pollScheduledTask(long):Runnable	73c30c383f21b20e9a3a	455	1762	2228	333
METHOD_ENTRY	io.netty.util.concurrent.AbstractScheduledEventExecutor#nextScheduledTaskNano():long	f19422d180c5cefdef3b	413	1645	2069	342
METHOD_ENTRY	io.netty.util.concurrent.AbstractScheduledEventExecutor#nextScheduledTaskDeadlineNanos():long	b3f90c74ed23a34ceb8e	413	1650	2074	266
METHOD_EXIT	io.netty.util.concurrent.AbstractScheduledEventExecutor#nextScheduledTaskDeadlineNanos():long	f4dff17c21ad19cb9aad	455	1724	2190	288
METHOD_ENTRY	io.netty.util.concurrent.AbstractScheduledEventExecutor#peekScheduledTask():ScheduledFutureTask<?>	30ec091810409c340abf	413	1652	2076	278
METHOD_EXIT	io.netty.util.concurrent.AbstractScheduledEventExecutor#peekScheduledTask():ScheduledFutureTask<?>	73e77f7e508ef46d6971	455	1729	2195	344
METHOD_ENTRY	io.netty.util.concurrent.AbstractScheduledEventExecutor#hasScheduledTasks():boolean	fe665bf7b92059dfc224	413	1647	2071	267
METHOD_EXIT	io.netty.util.concurrent.AbstractScheduledEventExecutor#hasScheduledTasks():boolean	e89eb72711668762e142	455	1721	2187	325
METHOD_ENTRY	io.netty.util.concurrent.AbstractScheduledEventExecutor#schedule(Runnable,long,TimeUnit):ScheduledFuture<?>	7e6a1e8647a80034c7e7	413	1723	2147	361
METHOD_EXIT	io.netty.util.concurrent.AbstractScheduledEventExecutor#initialNanoTime():long	4fc5bdf2c3a27bd91adb	455	1703	2169	247
METHOD_EXIT	io.netty.util.concurrent.AbstractScheduledEventExecutor#schedule(Runnable,long,TimeUnit):ScheduledFuture<?>	a0cd97a3432f679189f4	455	1802	2268	266
METHOD_ENTRY	io.netty.util.concurrent.AbstractScheduledEventExecutor#schedule(Callable<V>,long,TimeUnit):ScheduledFuture<V>	9fbaabf819b5db7d1cb3	413	1733	2157	246
METHOD_EXIT	io.netty.util.concurrent.AbstractScheduledEventExecutor#schedule(Callable<V>,long,TimeUnit):ScheduledFuture<V>	d4c18d787a10c9da55e5	455	1812	2278	245
METHOD_ENTRY	io.netty.util.concurrent.AbstractScheduledEventExecutor#scheduleAtFixedRate(Runnable,long,long,TimeUnit):ScheduledFuture<?>	e20656865c5c6a4f4bb9	413	1810	2234	209
METHOD_EXIT	io.netty.util.concurrent.AbstractScheduledEventExecutor#scheduleAtFixedRate(Runnable,long,long,TimeUnit):ScheduledFuture<?>	5b4d0b7ab02ba24e6a2c	455	1889	2355	294
METHOD_ENTRY	io.netty.util.concurrent.AbstractScheduledEventExecutor#scheduleWithFixedDelay(Runnable,long,long,TimeUnit):ScheduledFuture<?>	b44d925d521fa2bfd7be	413	1811	2235	195
METHOD_ENTRY	io.netty.util.concurrent.AbstractScheduledEventExecutor#validateScheduled0(long,TimeUnit):void	fef99f41453268442fd0	413	1645	2069	143
METHOD_EXIT	io.netty.util.concurrent.AbstractScheduledEventExecutor#nextScheduledTaskNano():long	15ea6451f5c2f808b7b7	455	1719	2185	291
METHOD_EXIT	io.netty.util.concurrent.AbstractScheduledEventExecutor#validateScheduled0(long,TimeUnit):void	cb84661b1401a83e786f	455	1656	2122	236
METHOD_ENTRY	io.netty.util.concurrent.AbstractScheduledEventExecutor#validateScheduled(long,TimeUnit):void	baebd66c96f8766f72d8	413	1638	2062	231
METHOD_ENTRY	io.netty.util.concurrent.AbstractScheduledEventExecutor#scheduleFromEventLoop(ScheduledFutureTask<?>):void	e975e7994952bc8cf9c4	413	1684	2108	256
METHOD_EXIT	io.netty.util.concurrent.AbstractScheduledEventExecutor#validateScheduled(long,TimeUnit):void	ba94b9d473b2992af45f	455	1649	2115	164
METHOD_EXIT	io.netty.util.concurrent.AbstractScheduledEventExecutor#scheduleFromEventLoop(ScheduledFutureTask<?>):void	7a894bee1af9e1556ad0	455	1695	2161	276
METHOD_ENTRY	io.netty.util.concurrent.AbstractScheduledEventExecutor#schedule(ScheduledFutureTask<V>):ScheduledFuture<V>	9924a4baebc2b46dd799	413	1752	2176	228
METHOD_ENTRY	io.netty.util.concurrent.AbstractScheduledEventExecutor#removeScheduled(ScheduledFutureTask<?>):void	da2359e9cef16470b0ca	413	1676	2100	208
METHOD_EXIT	io.netty.util.concurrent.AbstractScheduledEventExecutor#removeScheduled(ScheduledFutureTask<?>):void	ea910f49f3c7d8220043	455	1687	2153	241
METHOD_ENTRY	io.netty.util.concurrent.AbstractScheduledEventExecutor#scheduleRemoveScheduled(ScheduledFutureTask<?>):void	5fdaecb7fec796631ebd	413	1647	2071	238
METHOD_EXIT	io.netty.util.concurrent.AbstractScheduledEventExecutor#beforeScheduledTaskSubmitted(long):boolean	d315b520b657bf5b8a24	455	1705	2171	58
METHOD_ENTRY	io.netty.util.concurrent.AbstractScheduledEventExecutor#beforeScheduledTaskSubmitted(long):boolean	b8565d8cda4a35225040	413	1628	2052	177
METHOD_EXIT	io.netty.util.concurrent.AbstractScheduledEventExecutor#scheduleRemoveScheduled(ScheduledFutureTask<?>):void	5f120abdc8438ef1fca0	455	1658	2124	245
METHOD_ENTRY	io.netty.util.concurrent.AbstractScheduledEventExecutor#afterScheduledTaskSubmitted(long):boolean	fe329e0e772b81ca3090	413	1628	2052	201
METHOD_ENTRY	io.netty.util.concurrent.PromiseNotifier#cascade(F,Promise<? super V>):F	319c6ab180d4faf36e21	413	800	1224	244
METHOD_EXIT	io.netty.util.concurrent.PromiseNotifier#cascade(F,Promise<? super V>):F	517f5352af2fc04d520a	455	877	1343	304
METHOD_ENTRY	io.netty.util.concurrent.PromiseNotifier#cascade(boolean,F,Promise<? super V>):F	500bd161ec3906537a2e	413	926	1350	261
METHOD_EXIT	io.netty.util.concurrent.AbstractScheduledEventExecutor#scheduleWithFixedDelay(Runnable,long,long,TimeUnit):ScheduledFuture<?>	14c1f27e98f9d5bb0d9b	455	1890	2356	266
METHOD_EXIT	io.netty.util.concurrent.PromiseNotifier#cascade(boolean,F,Promise<? super V>):F	b8203e33f797b9e2b059	455	1003	1469	227
METHOD_ENTRY	io.netty.util.concurrent.PromiseNotifier#operationComplete(Future):void	66699dd358b8fe3cc2d6	413	747	1171	285
METHOD_EXIT	io.netty.util.concurrent.AbstractScheduledEventExecutor#afterScheduledTaskSubmitted(long):boolean	d9e78e15b2b93e45843a	455	1705	2171	54
METHOD_EXIT	io.netty.util.concurrent.PromiseNotifier#operationComplete(F):void	23c80f8e7355b486833c	455	913	1379	300
METHOD_ENTRY	io.netty.util.concurrent.PromiseNotifier#operationComplete(F):void	0c7ea79a8bf9739312ce	413	902	1326	292
METHOD_ENTRY	io.netty.util.concurrent.AbstractEventExecutor#parent():EventExecutorGroup	b5878be1363506779103	413	823	1247	277
METHOD_ENTRY	io.netty.util.concurrent.AbstractEventExecutor#next():EventExecutor	b4eef7c79fc12255442d	413	821	1245	64
METHOD_EXIT	io.netty.util.concurrent.AbstractEventExecutor#parent():EventExecutorGroup	3f359118baafba2bc7c9	455	899	1365	170
METHOD_EXIT	io.netty.util.concurrent.AbstractEventExecutor#next():EventExecutor	5d94a95c3e0a08dd07a9	455	896	1362	104
METHOD_ENTRY	io.netty.util.concurrent.AbstractEventExecutor#iterator():Iterator<EventExecutor>	a651bfb96bf3e2864e28	413	827	1251	229
METHOD_EXIT	io.netty.util.concurrent.AbstractEventExecutor#iterator():Iterator<EventExecutor>	1055c0a5010a1d970d13	455	903	1369	165
METHOD_EXIT	io.netty.util.concurrent.AbstractScheduledEventExecutor#schedule(ScheduledFutureTask<V>):ScheduledFuture<V>	628b9f2d152f80a793b7	455	1831	2297	258
METHOD_ENTRY	io.netty.util.concurrent.AbstractEventExecutor#shutdownGracefully():Future<?>	46747517284ec53fc363	413	845	1269	223
METHOD_EXIT	io.netty.util.concurrent.AbstractEventExecutor#shutdownGracefully():Future<?>	9dbc5f81067305b4f149	455	920	1386	317
METHOD_ENTRY	io.netty.util.concurrent.AbstractEventExecutor#shutdownNow():List<Runnable>	1dac8e3be87fa9b001e1	413	836	1260	210
METHOD_EXIT	io.netty.util.concurrent.AbstractEventExecutor#shutdownNow():List<Runnable>	e9fb8b325a7e6d05e8a9	455	912	1378	264
METHOD_EXIT	io.netty.util.concurrent.PromiseNotifier#operationComplete(Future):void	427749596b7156474166	455	758	1224	217
METHOD_ENTRY	io.netty.util.concurrent.AbstractEventExecutor#submit(Runnable):Future<?>	d6cb1e161fadbf34725e	413	833	1257	54
METHOD_EXIT	io.netty.util.concurrent.AbstractEventExecutor#submit(Runnable):Future<?>	da7f74ad5a5dca5122be	455	911	1377	278
METHOD_ENTRY	io.netty.util.concurrent.AbstractEventExecutor#submit(Callable<T>):Future<T>	02888fe6ea09f31aa9cb	413	843	1267	286
METHOD_EXIT	io.netty.util.concurrent.AbstractEventExecutor#submit(Runnable,T):Future<T>	ce7fd63012e3c9e4c523	455	923	1389	243
METHOD_EXIT	io.netty.util.concurrent.AbstractEventExecutor#submit(Callable<T>):Future<T>	85cc9a6aee4a6fb79cfe	455	921	1387	263
METHOD_EXIT	io.netty.util.concurrent.AbstractEventExecutor#newTaskFor(Runnable,T):RunnableFuture<T>	7730fedf3c7ee35f3b8b	455	937	1403	324
METHOD_ENTRY	io.netty.util.concurrent.AbstractEventExecutor#newTaskFor(Callable<T>):RunnableFuture<T>	c1d05f0ec87b25e5cde1	413	851	1275	223
METHOD_ENTRY	io.netty.util.concurrent.AbstractEventExecutor#newTaskFor(Runnable,T):RunnableFuture<T>	53b70e3944789815bc88	413	858	1282	249
METHOD_ENTRY	io.netty.util.concurrent.AbstractEventExecutor#submit(Runnable,T):Future<T>	7a07f1e82dd9ae3646ae	413	911	1335	144
METHOD_EXIT	io.netty.util.concurrent.AbstractEventExecutor#newTaskFor(Callable<T>):RunnableFuture<T>	5681a9aecc1f8b988da7	455	930	1396	277
METHOD_ENTRY	io.netty.util.concurrent.AbstractEventExecutor#schedule(Runnable,long,TimeUnit):ScheduledFuture<?>	52bd20497df18ce14356	413	856	1280	129
METHOD_EXIT	io.netty.util.concurrent.AbstractEventExecutor#schedule(Runnable,long,TimeUnit):ScheduledFuture<?>	3f2d458adc816e20f79b	455	935	1401	68
METHOD_ENTRY	io.netty.util.concurrent.AbstractEventExecutor#schedule(Callable<V>,long,TimeUnit):ScheduledFuture<V>	2fb90087ff6bb9d19297	413	865	1289	220
METHOD_EXIT	io.netty.util.concurrent.AbstractEventExecutor#schedule(Callable<V>,long,TimeUnit):ScheduledFuture<V>	f4602dfb136c699f04ce	455	944	1410	255
METHOD_ENTRY	io.netty.util.concurrent.AbstractEventExecutor#scheduleAtFixedRate(Runnable,long,long,TimeUnit):ScheduledFuture<?>	f181783867ca55f676b6	413	872	1296	147
METHOD_EXIT	io.netty.util.concurrent.AbstractEventExecutor#scheduleAtFixedRate(Runnable,long,long,TimeUnit):ScheduledFuture<?>	f7c936f887dfbe13bbf0	455	951	1417	237
METHOD_EXIT	io.netty.util.concurrent.AbstractEventExecutor#scheduleWithFixedDelay(Runnable,long,long,TimeUnit):ScheduledFuture<?>	4bdd07bd6d4b89e2e24b	455	951	1417	72
METHOD_ENTRY	io.netty.util.concurrent.AbstractEventExecutor#safeExecute(Runnable):void	df503f168d4fdf61ed88	413	857	1281	128
METHOD_ENTRY	io.netty.util.concurrent.UnaryPromiseNotifier#operationComplete(Future<T>):void	d23b8f0f394dc7528b8a	413	477	901	278
METHOD_EXIT	io.netty.util.concurrent.AbstractEventExecutor#safeExecute(Runnable):void	ffd49dbb0c0a267e9f7a	455	868	1334	250
METHOD_EXIT	io.netty.util.concurrent.UnaryPromiseNotifier#operationComplete(Future<T>):void	8e11bc4423cdb8c8366d	455	488	954	346
METHOD_EXIT	io.netty.util.concurrent.AbstractEventExecutor#runTask(Runnable):void	b9552bcddbc78a6ec102	455	838	1304	86
METHOD_ENTRY	io.netty.util.concurrent.AbstractEventExecutor#lazyExecute(Runnable):void	6b389b6d72eee725dc79	413	831	1255	73
METHOD_ENTRY	io.netty.util.concurrent.AbstractEventExecutor#scheduleWithFixedDelay(Runnable,long,long,TimeUnit):ScheduledFuture<?>	2e2b5b3d5d482e56ee75	413	872	1296	187
METHOD_ENTRY	io.netty.util.concurrent.AbstractEventExecutor#runTask(Runnable):void	bfdfc02c628e46798ba1	413	827	1251	164
METHOD_ENTRY	io.netty.util.concurrent.SucceededFuture#cause():Throwable	82a205beb3e788094260	413	465	889	54
METHOD_ENTRY	io.netty.util.concurrent.UnaryPromiseNotifier#cascadeTo(Future<X>,Promise<? super X>):void	c6ac4f493e42bc72a381	413	619	1043	302
METHOD_EXIT	io.netty.util.concurrent.SucceededFuture#cause():Throwable	d5a2431fe5f3d59e1434	455	539	1005	45
METHOD_EXIT	io.netty.util.concurrent.AbstractEventExecutor#lazyExecute(Runnable):void	e87dbacdf55fdc47c9a9	455	842	1308	150
METHOD_ENTRY	io.netty.util.concurrent.SucceededFuture#isSuccess():boolean	d8e0d332c2e394525f4e	413	467	891	45
METHOD_EXIT	io.netty.util.concurrent.UnaryPromiseNotifier#cascadeTo(Future<X>,Promise<? super X>):void	3a0a3a39740d1ac71a1d	455	630	1096	396
METHOD_ENTRY	io.netty.util.concurrent.SucceededFuture#getNow():V	688dbb246c2a626e5649	413	466	890	202
METHOD_EXIT	io.netty.util.concurrent.SucceededFuture#getNow():V	90cabeda0a739a9245d9	455	540	1006	147
METHOD_EXIT	io.netty.util.concurrent.SucceededFuture#isSuccess():boolean	99496a24b66da1e1e8bb	455	541	1007	93
METHOD_EXIT	io.netty.util.concurrent.GlobalEventExecutor#takeTask():Runnable	818bbe45e4473b85d2d4	455	1247	1713	247
METHOD_EXIT	io.netty.util.concurrent.GlobalEventExecutor#run():void	171106a9109298603d32	455	1354	1820	331
METHOD_ENTRY	io.netty.util.concurrent.GlobalEventExecutor#run():void	e80625a0d5b28112ba5d	413	1343	1767	239
METHOD_ENTRY	io.netty.util.concurrent.GlobalEventExecutor#takeTask():Runnable	222f16180ec24b2290bb	413	1173	1597	260
METHOD_ENTRY	io.netty.util.concurrent.GlobalEventExecutor#pendingTasks():int	7641f0db80ed3f304301	413	921	1345	221
METHOD_EXIT	io.netty.util.concurrent.GlobalEventExecutor#fetchFromScheduledTaskQueue():void	970ea320da91d9719e86	455	996	1462	222
METHOD_ENTRY	io.netty.util.concurrent.GlobalEventExecutor#addTask(Runnable):void	c06ac2501351c2365160	413	936	1360	117
METHOD_ENTRY	io.netty.util.concurrent.GlobalEventExecutor#inEventLoop(Thread):boolean	c0e911ce92a949f353ee	413	932	1356	307
METHOD_EXIT	io.netty.util.concurrent.GlobalEventExecutor#addTask(Runnable):void	14292bb97883fb632c13	455	947	1413	321
METHOD_ENTRY	io.netty.util.concurrent.GlobalEventExecutor#shutdownGracefully(long,long,TimeUnit):Future<?>	b500c867065d36cbbb55	413	956	1380	156
METHOD_EXIT	io.netty.util.concurrent.GlobalEventExecutor#inEventLoop(Thread):boolean	0e286ca438853787c74d	455	1009	1475	246
METHOD_EXIT	io.netty.util.concurrent.GlobalEventExecutor#pendingTasks():int	3ec7048b66182af9d4b1	455	995	1461	115
METHOD_EXIT	io.netty.util.concurrent.GlobalEventExecutor#shutdownGracefully(long,long,TimeUnit):Future<?>	c693e20573c20d51c3ed	455	1034	1500	207
METHOD_ENTRY	io.netty.util.concurrent.GlobalEventExecutor#terminationFuture():Future<?>	8f7392263108145138e4	413	925	1349	188
METHOD_EXIT	io.netty.util.concurrent.GlobalEventExecutor#terminationFuture():Future<?>	a13338034e7a0ee79bd8	455	1000	1466	249
METHOD_EXIT	io.netty.util.concurrent.GlobalEventExecutor#shutdown():void	01849392e89cbddfbb4c	455	938	1404	67
METHOD_ENTRY	io.netty.util.concurrent.GlobalEventExecutor#shutdown():void	e8c613359d9404dac6a1	413	927	1351	252
METHOD_ENTRY	io.netty.util.concurrent.GlobalEventExecutor#isShuttingDown():boolean	915730ba338703a9421a	413	926	1350	62
METHOD_ENTRY	io.netty.util.concurrent.GlobalEventExecutor#isShutdown():boolean	392b6a3136a4ae16397f	413	922	1346	214
METHOD_EXIT	io.netty.util.concurrent.GlobalEventExecutor#isShutdown():boolean	14b4ab8f17b4404cdd5f	455	996	1462	38
METHOD_ENTRY	io.netty.util.concurrent.GlobalEventExecutor#isTerminated():boolean	e44c0137576f37b96058	413	924	1348	271
METHOD_EXIT	io.netty.util.concurrent.GlobalEventExecutor#isTerminated():boolean	86bd7cc250597cf1f00f	455	998	1464	59
METHOD_ENTRY	io.netty.util.concurrent.GlobalEventExecutor#fetchFromScheduledTaskQueue():void	7b48749116ab8c2ce49b	413	985	1409	216
METHOD_ENTRY	io.netty.util.concurrent.GlobalEventExecutor#awaitTermination(long,TimeUnit):boolean	9309389b9a167e09d09e	413	940	1364	214
METHOD_EXIT	io.netty.util.concurrent.GlobalEventExecutor#isShuttingDown():boolean	dae40de41883d35cfad8	455	1000	1466	48
METHOD_EXIT	io.netty.util.concurrent.GlobalEventExecutor#awaitTermination(long,TimeUnit):boolean	caf46c1ea02281ca476f	455	1017	1483	48
METHOD_ENTRY	io.netty.util.concurrent.GlobalEventExecutor#awaitInactivity(long,TimeUnit):boolean	b527bb00fc8523720305	413	994	1418	142
METHOD_EXIT	io.netty.util.concurrent.GlobalEventExecutor#awaitInactivity(long,TimeUnit):boolean	5965df768dd5cc618a3f	455	1071	1537	292
METHOD_ENTRY	io.netty.util.concurrent.GlobalEventExecutor#execute(Runnable):void	bc757a09fb0f0e2fbe5f	413	928	1352	265
METHOD_EXIT	io.netty.util.concurrent.GlobalEventExecutor#execute(Runnable):void	d03521b22e4e24121c9d	455	939	1405	217
METHOD_EXIT	io.netty.util.concurrent.GlobalEventExecutor#execute0(Runnable):void	f9a01706cf5d0c4e3562	455	961	1427	291
METHOD_ENTRY	io.netty.util.concurrent.GlobalEventExecutor#run():ClassLoader	31f34b3eff068c237d2d	413	903	1327	261
METHOD_EXIT	io.netty.util.concurrent.GlobalEventExecutor#startThread():void	ebb37cada86251d72eee	455	1181	1647	314
METHOD_ENTRY	io.netty.util.concurrent.GlobalEventExecutor#setContextClassLoader(Thread,ClassLoader):void	801a810f53e7fc68e0ef	413	978	1402	209
METHOD_EXIT	io.netty.util.concurrent.GlobalEventExecutor#run():ClassLoader	af0b79bbc4e835a33fb9	455	914	1380	288
METHOD_ENTRY	io.netty.util.concurrent.GlobalEventExecutor#execute0(Runnable):void	ee3e12cf7d386bb04f8c	413	950	1374	236
METHOD_EXIT	io.netty.util.concurrent.GlobalEventExecutor#setContextClassLoader(Thread,ClassLoader):void	dda8e302b032df8b1881	455	989	1455	295
METHOD_ENTRY	io.netty.util.concurrent.GlobalEventExecutor#run():Void	797faadc4ea9a05dde58	413	902	1326	158
METHOD_EXIT	io.netty.util.concurrent.GlobalEventExecutor#run():Void	34a3722d8bd9c628ca54	455	913	1379	192
METHOD_ENTRY	io.netty.util.concurrent.GlobalEventExecutor#run():void	e80625a0d5b28112ba5d	413	1343	1767	239
METHOD_EXIT	io.netty.util.concurrent.GlobalEventExecutor#run():void	171106a9109298603d32	455	1354	1820	331
METHOD_ENTRY	io.netty.util.concurrent.GlobalEventExecutor#fillInStackTrace():Throwable	e72d0f9741976ed7e4d7	413	926	1350	105
METHOD_ENTRY	io.netty.util.concurrent.GlobalEventExecutor#newInstance(Class<?>,String):StacklessUnsupportedOperationException	279b66d4b34e2f00d91b	413	960	1384	174
METHOD_EXIT	io.netty.util.concurrent.GlobalEventExecutor#fillInStackTrace():Throwable	f736c4672cb3b196700e	455	1000	1466	181
METHOD_ENTRY	io.netty.util.concurrent.TaskRunner#run():void	7f6fdc5cd47760ac29d4	413	803	1227	5
METHOD_EXIT	io.netty.util.concurrent.GlobalEventExecutor#newInstance(Class<?>,String):StacklessUnsupportedOperationException	189a9adba0d754ea9436	455	1041	1507	237
METHOD_ENTRY	io.netty.util.concurrent.GlobalEventExecutor#startThread():void	087688c6d55d9e3c0f46	413	1170	1594	247
METHOD_EXIT	io.netty.util.concurrent.TaskRunner#run():void	c64c36a7662b5c1781e9	455	814	1280	337
METHOD_ENTRY	io.netty.util.concurrent.DefaultFutureListeners#add(GenericFutureListener<? extends Future<?>>):void	f3e99a8e023ed082de1a	413	583	1007	245
METHOD_ENTRY	io.netty.util.concurrent.StacklessUnsupportedOperationException#fillInStackTrace():Throwable	7c4dbfe4b771c1d78e39	413	389	813	161
METHOD_EXIT	io.netty.util.concurrent.StacklessUnsupportedOperationException#fillInStackTrace():Throwable	ae9a1d6e6f4e4d1ef72f	455	463	929	153
METHOD_EXIT	io.netty.util.concurrent.DefaultFutureListeners#add(GenericFutureListener<? extends Future<?>>):void	ae159ec05be7bd4c617d	455	594	1060	324
METHOD_ENTRY	io.netty.util.concurrent.StacklessUnsupportedOperationException#newInstance(Class<?>,String):StacklessUnsupportedOperationException	601452b8ffc1e1ce9db9	413	423	847	248
METHOD_EXIT	io.netty.util.concurrent.StacklessUnsupportedOperationException#newInstance(Class<?>,String):StacklessUnsupportedOperationException	12205e7876d67edddf6c	455	504	970	228
METHOD_ENTRY	io.netty.util.concurrent.DefaultFutureListeners#listeners():GenericFutureListener<? extends Future<?>>[]	a628f41105473c320b7c	413	494	918	200
METHOD_ENTRY	io.netty.util.concurrent.DefaultFutureListeners#size():int	1865b5a83033b464abe2	413	480	904	193
METHOD_EXIT	io.netty.util.concurrent.DefaultFutureListeners#listeners():GenericFutureListener<? extends Future<?>>[]	a6509244bef665728115	455	574	1040	294
METHOD_EXIT	io.netty.util.concurrent.DefaultFutureListeners#size():int	e16818c5cb891f83eab3	455	554	1020	235
METHOD_EXIT	io.netty.util.concurrent.DefaultFutureListeners#remove(GenericFutureListener<? extends Future<?>>):void	b8513a156f0a9b8ca7c6	455	644	1110	295
METHOD_ENTRY	io.netty.util.concurrent.DefaultFutureListeners#progressiveSize():int	e9b28d86fa94aeedf46a	413	484	908	204
METHOD_ENTRY	io.netty.util.concurrent.DefaultFutureListeners#remove(GenericFutureListener<? extends Future<?>>):void	b8fc1b225bf1a0c6282f	413	633	1057	209
METHOD_EXIT	io.netty.util.concurrent.DefaultFutureListeners#progressiveSize():int	8c49a5e3729ee0f0e7e7	455	558	1024	270
METHOD_ENTRY	io.netty.util.concurrent.FastThreadLocal#size():int	0aee9e14966e0e351495	413	1421	1845	203
METHOD_ENTRY	io.netty.util.concurrent.FastThreadLocal#removeAll():void	65572fa52713edddf49b	413	1541	1965	392
METHOD_EXIT	io.netty.util.concurrent.FastThreadLocal#removeAll():void	61bcb237c1885bf1865c	455	1552	2018	366
METHOD_EXIT	io.netty.util.concurrent.FastThreadLocal#size():int	ff9a1e0f83af846d4777	455	1495	1961	229
METHOD_EXIT	io.netty.util.concurrent.FastThreadLocal#addToVariablesToRemove(InternalThreadLocalMap,FastThreadLocal<?>):void	ee604c64ff47ab61105c	455	1555	2021	324
METHOD_ENTRY	io.netty.util.concurrent.FastThreadLocal#destroy():void	a67eb711177786a01cf9	413	1383	1807	5
METHOD_ENTRY	io.netty.util.concurrent.FastThreadLocal#removeFromVariablesToRemove(InternalThreadLocalMap,FastThreadLocal<?>):void	64f494166d81a94f477a	413	1499	1923	262
METHOD_ENTRY	io.netty.util.concurrent.FastThreadLocal#get():V	27f74292444ea7c8c5f9	413	1437	1861	239
METHOD_EXIT	io.netty.util.concurrent.FastThreadLocal#removeFromVariablesToRemove(InternalThreadLocalMap,FastThreadLocal<?>):void	41b6a7b9d9d7be48ecb2	455	1510	1976	314
METHOD_EXIT	io.netty.util.concurrent.FastThreadLocal#destroy():void	386ce74c5d95343db3f8	455	1394	1860	69
METHOD_EXIT	io.netty.util.concurrent.FastThreadLocal#get():V	aa1f592ce103c4e3d6c3	455	1511	1977	100
METHOD_ENTRY	io.netty.util.concurrent.FastThreadLocal#addToVariablesToRemove(InternalThreadLocalMap,FastThreadLocal<?>):void	9f0f3a212f952371a950	413	1544	1968	416
METHOD_ENTRY	io.netty.util.concurrent.FastThreadLocal#getIfExists():V	d3f9cd65fbdfd9eef420	413	1452	1876	411
METHOD_EXIT	io.netty.util.concurrent.FastThreadLocal#get(InternalThreadLocalMap):V	fb02f21a20451c5aed9a	455	1519	1985	219
METHOD_ENTRY	io.netty.util.concurrent.FastThreadLocal#get(InternalThreadLocalMap):V	a19e0e754dd5e33a141c	413	1442	1866	303
METHOD_ENTRY	io.netty.util.concurrent.FastThreadLocal#initialize(InternalThreadLocalMap):V	8b1cd5cfc991d1ca9acf	413	1488	1912	310
METHOD_EXIT	io.netty.util.concurrent.FastThreadLocal#getIfExists():V	293acbbc32152b4c814a	455	1526	1992	325
METHOD_EXIT	io.netty.util.concurrent.FastThreadLocal#initialize(InternalThreadLocalMap):V	ba6afe4994773cc37c57	455	1565	2031	292
METHOD_ENTRY	io.netty.util.concurrent.FastThreadLocal#set(InternalThreadLocalMap,V):void	2c032c14d7968d825b1d	413	1414	1838	253
METHOD_ENTRY	io.netty.util.concurrent.FastThreadLocal#set(V):void	aca409c699269106f5bd	413	1386	1810	78
METHOD_EXIT	io.netty.util.concurrent.FastThreadLocal#set(InternalThreadLocalMap,V):void	5b69d253256c7debb757	455	1425	1891	301
METHOD_ENTRY	io.netty.util.concurrent.FastThreadLocal#getAndSet(V):V	35cdc0e32d2c356e4388	413	1439	1863	287
METHOD_EXIT	io.netty.util.concurrent.FastThreadLocal#getAndSet(InternalThreadLocalMap,V):V	1822d380f1cffb9e4408	455	1520	1986	321
METHOD_ENTRY	io.netty.util.concurrent.FastThreadLocal#getAndSet(InternalThreadLocalMap,V):V	3ef88567ad1e4989f5ab	413	1443	1867	211
METHOD_EXIT	io.netty.util.concurrent.FastThreadLocal#set(V):void	45bc229ba24da6033d4d	455	1397	1863	331
METHOD_EXIT	io.netty.util.concurrent.FastThreadLocal#getAndSet(V):V	b6086834cc2f66702f64	455	1516	1982	422
METHOD_ENTRY	io.netty.util.concurrent.FastThreadLocal#setKnownNotUnset(InternalThreadLocalMap,V):V	4a0f2d335740a0d4583c	413	1465	1889	246
METHOD_EXIT	io.netty.util.concurrent.FastThreadLocal#setKnownNotUnset(InternalThreadLocalMap,V):V	91b554a13a4fcd78091c	455	1542	2008	290
METHOD_EXIT	io.netty.util.concurrent.FastThreadLocal#isSet():boolean	900b0c017adb43883090	455	1465	1931	78
METHOD_ENTRY	io.netty.util.concurrent.FastThreadLocal#isSet():boolean	0fca0859dca7e890f059	413	1391	1815	342
METHOD_ENTRY	io.netty.util.concurrent.FastThreadLocal#isSet(InternalThreadLocalMap):boolean	bcb0bf19ee6272c38292	413	1415	1839	300
METHOD_EXIT	io.netty.util.concurrent.FastThreadLocal#isSet(InternalThreadLocalMap):boolean	950c32f9fb93bd4d9c54	455	1492	1958	254
METHOD_ENTRY	io.netty.util.concurrent.FastThreadLocal#remove(InternalThreadLocalMap):void	07441425b44e6243038f	413	1410	1834	241
METHOD_EXIT	io.netty.util.concurrent.FastThreadLocal#remove(InternalThreadLocalMap):void	56671e9f9e613559ae5b	455	1421	1887	309
METHOD_ENTRY	io.netty.util.concurrent.FastThreadLocal#removeAndGet(InternalThreadLocalMap):V	b6b9771d51fd4d94b221	413	1499	1923	287
METHOD_EXIT	io.netty.util.concurrent.FastThreadLocal#removeAndGet(InternalThreadLocalMap):V	f6a5947e6edab8dd951f	455	1576	2042	370
METHOD_ENTRY	io.netty.util.concurrent.FastThreadLocal#initialValue():V	35effe0a8cb91d2b509d	413	1383	1807	35
METHOD_EXIT	io.netty.util.concurrent.FastThreadLocal#initialValue():V	60fb7384d946609864d6	455	1457	1923	47
METHOD_ENTRY	io.netty.util.concurrent.ImmediateEventExecutor#initialValue():Queue<Runnable>	848a5c419719c8750357	413	652	1076	5
METHOD_EXIT	io.netty.util.concurrent.ImmediateEventExecutor#initialValue():Queue<Runnable>	294cc3aaaba76cb4a1cc	455	663	1129	270
METHOD_ENTRY	io.netty.util.concurrent.ImmediateEventExecutor#initialValue():Boolean	c6b4264a7e13d4a82920	413	649	1073	52
METHOD_ENTRY	io.netty.util.concurrent.FastThreadLocal#remove():void	06c7b7e7498a2f2aea66	413	1387	1811	92
METHOD_EXIT	io.netty.util.concurrent.FastThreadLocal#remove():void	5cb83f40321ebc74b782	455	1398	1864	32
METHOD_EXIT	io.netty.util.concurrent.FastThreadLocal#onRemoval(V):void	a395186f1ebd09ed506d	455	1401	1867	107
METHOD_EXIT	io.netty.util.concurrent.ImmediateEventExecutor#initialValue():Boolean	630664f5836ba9c89edd	455	660	1126	203
METHOD_ENTRY	io.netty.util.concurrent.ImmediateEventExecutor#inEventLoop():boolean	beef31944c7e08b28461	413	670	1094	44
METHOD_EXIT	io.netty.util.concurrent.ImmediateEventExecutor#inEventLoop():boolean	b209df58d18f8b457337	455	744	1210	38
METHOD_ENTRY	io.netty.util.concurrent.ImmediateEventExecutor#inEventLoop(Thread):boolean	79c131989834f2d73349	413	675	1099	284
METHOD_ENTRY	io.netty.util.concurrent.FastThreadLocal#onRemoval(V):void	6e9930a526908539031c	413	1390	1814	58
METHOD_EXIT	io.netty.util.concurrent.ImmediateEventExecutor#shutdownGracefully(long,long,TimeUnit):Future<?>	b9fe525437f95273ac8d	455	780	1246	239
METHOD_ENTRY	io.netty.util.concurrent.ImmediateEventExecutor#shutdown():void	dc3c300268efbf29aff2	413	665	1089	266
METHOD_EXIT	io.netty.util.concurrent.ImmediateEventExecutor#terminationFuture():Future<?>	8c105497de17f73ba2bc	455	746	1212	278
METHOD_ENTRY	io.netty.util.concurrent.ImmediateEventExecutor#terminationFuture():Future<?>	59c9efb55f9b8e8a0743	413	671	1095	281
METHOD_ENTRY	io.netty.util.concurrent.ImmediateEventExecutor#shutdownGracefully(long,long,TimeUnit):Future<?>	200c9c9b8aa41f0a6b69	413	702	1126	173
METHOD_EXIT	io.netty.util.concurrent.ImmediateEventExecutor#inEventLoop(Thread):boolean	eb1919f1dc73007c52b0	455	752	1218	46
METHOD_EXIT	io.netty.util.concurrent.ImmediateEventExecutor#shutdown():void	71bba5f63eb3b888917b	455	676	1142	66
METHOD_EXIT	io.netty.util.concurrent.ImmediateEventExecutor#isShuttingDown():boolean	68c43bd42b921d18c89a	455	746	1212	47
METHOD_EXIT	io.netty.util.concurrent.ImmediateEventExecutor#isShutdown():boolean	d9889b3cd1d4f689f7bb	455	742	1208	42
METHOD_ENTRY	io.netty.util.concurrent.ImmediateEventExecutor#isShutdown():boolean	9c00c8d3a6c1530d12d3	413	668	1092	221
METHOD_ENTRY	io.netty.util.concurrent.ImmediateEventExecutor#isTerminated():boolean	1bfba87e44828ecfed99	413	670	1094	73
METHOD_EXIT	io.netty.util.concurrent.ImmediateEventExecutor#awaitTermination(long,TimeUnit):boolean	dd6d5d8a430949d3f038	455	763	1229	50
METHOD_ENTRY	io.netty.util.concurrent.ImmediateEventExecutor#isShuttingDown():boolean	0a99d224010e5d0847a1	413	672	1096	134
METHOD_ENTRY	io.netty.util.concurrent.ImmediateEventExecutor#execute(Runnable):void	8d6dd7a48cf36fe284d1	413	826	1250	242
METHOD_ENTRY	io.netty.util.concurrent.ImmediateEventExecutor#newPromise():Promise<V>	e4a57bffcfb62823ec49	413	680	1104	226
METHOD_EXIT	io.netty.util.concurrent.ImmediateEventExecutor#execute(Runnable):void	d46d208c024990be2311	455	837	1303	257
METHOD_EXIT	io.netty.util.concurrent.ImmediateEventExecutor#newPromise():Promise<V>	14c211e729364cfb3ed0	455	755	1221	203
METHOD_EXIT	io.netty.util.concurrent.ImmediateEventExecutor#isTerminated():boolean	09d6fb24d04f1706aff5	455	744	1210	52
METHOD_ENTRY	io.netty.util.concurrent.ImmediateEventExecutor#awaitTermination(long,TimeUnit):boolean	5d1b1d592b67e04c261a	413	686	1110	105
METHOD_ENTRY	io.netty.util.concurrent.ImmediateEventExecutor#newProgressivePromise():ProgressivePromise<V>	5721360dcd2e1b60d070	413	689	1113	278
METHOD_ENTRY	io.netty.util.concurrent.ImmediateEventExecutor#checkDeadLock():void	123bdda0f9344b9204c0	413	671	1095	299
METHOD_ENTRY	io.netty.util.concurrent.ImmediateEventExecutor#checkDeadLock():void	123bdda0f9344b9204c0	413	671	1095	299
METHOD_EXIT	io.netty.util.concurrent.ImmediatePromise#checkDeadLock():void	d9cbbf332a6cb66cd8b7	455	397	863	5
METHOD_ENTRY	io.netty.util.concurrent.ImmediateProgressivePromise#checkDeadLock():void	821c9847713396ce1339	413	388	812	5
METHOD_EXIT	io.netty.util.concurrent.ImmediateEventExecutor#newProgressivePromise():ProgressivePromise<V>	cee3e93117512a5b2e42	455	765	1231	179
METHOD_EXIT	io.netty.util.concurrent.ImmediateEventExecutor#checkDeadLock():void	e56bc01d11706e4706eb	455	682	1148	63
METHOD_EXIT	io.netty.util.concurrent.ImmediateProgressivePromise#checkDeadLock():void	b9412036cfd38dc92180	455	399	865	5
METHOD_ENTRY	io.netty.util.concurrent.ImmediatePromise#checkDeadLock():void	53e759308c1802830801	413	386	810	5
METHOD_EXIT	io.netty.util.concurrent.UnorderedThreadPoolEventExecutor#next():EventExecutor	b93352a26bf5308389c1	455	960	1426	54
METHOD_ENTRY	io.netty.util.concurrent.UnorderedThreadPoolEventExecutor#next():EventExecutor	c30e4900b2d14809b76f	413	885	1309	177
METHOD_ENTRY	io.netty.util.concurrent.UnorderedThreadPoolEventExecutor#parent():EventExecutorGroup	a5308322106ff1fdc5d2	413	887	1311	59
METHOD_EXIT	io.netty.util.concurrent.ImmediateEventExecutor#checkDeadLock():void	e56bc01d11706e4706eb	455	682	1148	63
METHOD_EXIT	io.netty.util.concurrent.UnorderedThreadPoolEventExecutor#inEventLoop():boolean	8fb34c7784a0d7dd3c10	455	966	1432	179
METHOD_EXIT	io.netty.util.concurrent.UnorderedThreadPoolEventExecutor#parent():EventExecutorGroup	2f49e9ae1fcc3c1334c5	455	963	1429	43
METHOD_ENTRY	io.netty.util.concurrent.UnorderedThreadPoolEventExecutor#inEventLoop():boolean	b18717777d30616209ed	413	892	1316	219
METHOD_ENTRY	io.netty.util.concurrent.UnorderedThreadPoolEventExecutor#newPromise():Promise<V>	6d366ecebec98905f0b0	413	897	1321	189
METHOD_EXIT	io.netty.util.concurrent.UnorderedThreadPoolEventExecutor#inEventLoop(Thread):boolean	aa0825776b3e860cb560	455	973	1439	221
METHOD_EXIT	io.netty.util.concurrent.UnorderedThreadPoolEventExecutor#newPromise():Promise<V>	7dd575413b01c10b8cd0	455	972	1438	167
METHOD_EXIT	io.netty.util.concurrent.UnorderedThreadPoolEventExecutor#newProgressivePromise():ProgressivePromise<V>	431e9e46119043e17263	455	982	1448	283
METHOD_ENTRY	io.netty.util.concurrent.UnorderedThreadPoolEventExecutor#inEventLoop(Thread):boolean	b85f366476494b773743	413	896	1320	180
METHOD_ENTRY	io.netty.util.concurrent.UnorderedThreadPoolEventExecutor#newProgressivePromise():ProgressivePromise<V>	67f549d40d3b2e3f3f1c	413	906	1330	252
METHOD_EXIT	io.netty.util.concurrent.UnorderedThreadPoolEventExecutor#newSucceededFuture(V):Future<V>	3748869433534dcf7c02	455	980	1446	307
METHOD_ENTRY	io.netty.util.concurrent.UnorderedThreadPoolEventExecutor#newFailedFuture(Throwable):Future<V>	6d5c424490b898b244b6	413	906	1330	98
METHOD_ENTRY	io.netty.util.concurrent.UnorderedThreadPoolEventExecutor#newSucceededFuture(V):Future<V>	366f2fd34deda00ca663	413	968	1392	98
METHOD_EXIT	io.netty.util.concurrent.UnorderedThreadPoolEventExecutor#newFailedFuture(Throwable):Future<V>	6192e3a973e8f81b194c	455	984	1450	176
METHOD_ENTRY	io.netty.util.concurrent.UnorderedThreadPoolEventExecutor#isShuttingDown():boolean	2b85d46c715ae0600f6f	413	890	1314	62
METHOD_EXIT	io.netty.util.concurrent.UnorderedThreadPoolEventExecutor#isShuttingDown():boolean	9371dab3bddd021e2a13	455	964	1430	91
METHOD_ENTRY	io.netty.util.concurrent.UnorderedThreadPoolEventExecutor#shutdown():void	bbe5012da4459b4b2dff	413	890	1314	286
METHOD_EXIT	io.netty.util.concurrent.UnorderedThreadPoolEventExecutor#shutdownNow():List<Runnable>	172d499f35cc89523238	455	985	1451	186
METHOD_EXIT	io.netty.util.concurrent.UnorderedThreadPoolEventExecutor#shutdown():void	c62f54302d1920b1a589	455	901	1367	196
METHOD_ENTRY	io.netty.util.concurrent.UnorderedThreadPoolEventExecutor#shutdownGracefully():Future<?>	f7dd4f8ee25e904ac099	413	900	1324	279
METHOD_EXIT	io.netty.util.concurrent.UnorderedThreadPoolEventExecutor#shutdownGracefully():Future<?>	c91e45965b7da8a438bc	455	975	1441	210
METHOD_ENTRY	io.netty.util.concurrent.UnorderedThreadPoolEventExecutor#shutdownGracefully(long,long,TimeUnit):Future<?>	f879f6cf22e254bc96a6	413	956	1380	194
METHOD_ENTRY	io.netty.util.concurrent.UnorderedThreadPoolEventExecutor#shutdownNow():List<Runnable>	fddf3167c74c43ff87f7	413	909	1333	291
METHOD_EXIT	io.netty.util.concurrent.UnorderedThreadPoolEventExecutor#shutdownGracefully(long,long,TimeUnit):Future<?>	c17f5fb5591f8c1479cd	455	1034	1500	214
METHOD_EXIT	io.netty.util.concurrent.UnorderedThreadPoolEventExecutor#terminationFuture():Future<?>	0c5596d221f2637d2e7d	455	963	1429	111
METHOD_EXIT	io.netty.util.concurrent.UnorderedThreadPoolEventExecutor#iterator():Iterator<EventExecutor>	7e094ea49766ceaaeec9	455	967	1433	327
METHOD_ENTRY	io.netty.util.concurrent.UnorderedThreadPoolEventExecutor#iterator():Iterator<EventExecutor>	7dc31188b0004bd1ed0a	413	891	1315	183
METHOD_EXIT	io.netty.util.concurrent.UnorderedThreadPoolEventExecutor#decorateTask(Runnable,RunnableScheduledFuture<V>):RunnableScheduledFuture<V>	dfc8b740bed775024d6b	455	1023	1489	357
METHOD_ENTRY	io.netty.util.concurrent.UnorderedThreadPoolEventExecutor#terminationFuture():Future<?>	c8158550ea3eb61c5d5d	413	888	1312	132
METHOD_ENTRY	io.netty.util.concurrent.UnorderedThreadPoolEventExecutor#decorateTask(Runnable,RunnableScheduledFuture<V>):RunnableScheduledFuture<V>	ffc4f17f1a54addc9a87	413	943	1367	332
METHOD_EXIT	io.netty.util.concurrent.UnorderedThreadPoolEventExecutor#decorateTask(Callable<V>,RunnableScheduledFuture<V>):RunnableScheduledFuture<V>	b6eb4c10fa93ac925dda	455	1018	1484	325
METHOD_ENTRY	io.netty.util.concurrent.UnorderedThreadPoolEventExecutor#schedule(Runnable,long,TimeUnit):ScheduledFuture<?>	2312543060a5888f15e7	413	926	1350	279
METHOD_EXIT	io.netty.util.concurrent.UnorderedThreadPoolEventExecutor#schedule(Runnable,long,TimeUnit):ScheduledFuture<?>	b16ebbc856aa4e24bded	455	1005	1471	231
METHOD_ENTRY	io.netty.util.concurrent.UnorderedThreadPoolEventExecutor#schedule(Callable<V>,long,TimeUnit):ScheduledFuture<V>	955719f75b5d78711166	413	938	1362	288
METHOD_EXIT	io.netty.util.concurrent.UnorderedThreadPoolEventExecutor#schedule(Callable<V>,long,TimeUnit):ScheduledFuture<V>	572aa0780371d8cb48c0	455	1017	1483	244
METHOD_EXIT	io.netty.util.concurrent.UnorderedThreadPoolEventExecutor#scheduleAtFixedRate(Runnable,long,long,TimeUnit):ScheduledFuture<?>	bcd16c5b1b65903575d8	455	1028	1494	221
METHOD_ENTRY	io.netty.util.concurrent.UnorderedThreadPoolEventExecutor#scheduleWithFixedDelay(Runnable,long,long,TimeUnit):ScheduledFuture<?>	181ce94bf594a560a9a5	413	949	1373	232
METHOD_ENTRY	io.netty.util.concurrent.UnorderedThreadPoolEventExecutor#submit(Runnable):Future<?>	7b2159f5a3104f09cddf	413	897	1321	94
METHOD_EXIT	io.netty.util.concurrent.UnorderedThreadPoolEventExecutor#scheduleWithFixedDelay(Runnable,long,long,TimeUnit):ScheduledFuture<?>	23a7b5294e2bb9443995	455	1028	1494	225
METHOD_EXIT	io.netty.util.concurrent.UnorderedThreadPoolEventExecutor#submit(Runnable):Future<?>	6219466244f9447d6a33	455	975	1441	207
METHOD_ENTRY	io.netty.util.concurrent.UnorderedThreadPoolEventExecutor#submit(Runnable,T):Future<T>	964f5415aa4f9fc712b5	413	975	1399	225
METHOD_EXIT	io.netty.util.concurrent.UnorderedThreadPoolEventExecutor#submit(Runnable,T):Future<T>	4de09b1ba520fe4598c5	455	987	1453	281
METHOD_ENTRY	io.netty.util.concurrent.UnorderedThreadPoolEventExecutor#submit(Callable<T>):Future<T>	5cab427140169f81bc78	413	907	1331	273
METHOD_EXIT	io.netty.util.concurrent.UnorderedThreadPoolEventExecutor#submit(Callable<T>):Future<T>	4d5fdbd8e5390f99c9c2	455	985	1451	253
METHOD_ENTRY	io.netty.util.concurrent.UnorderedThreadPoolEventExecutor#execute(Runnable):void	abc633116fec1f8a43a5	413	902	1326	149
METHOD_EXIT	io.netty.util.concurrent.UnorderedThreadPoolEventExecutor#execute(Runnable):void	c20c1e0f09cb4e9a1c13	455	913	1379	236
METHOD_ENTRY	io.netty.util.concurrent.UnorderedThreadPoolEventExecutor#runTask():V	cb9185ea07614001bcc5	413	997	1421	268
METHOD_ENTRY	io.netty.util.concurrent.UnorderedThreadPoolEventExecutor#decorateTask(Callable<V>,RunnableScheduledFuture<V>):RunnableScheduledFuture<V>	6d22e8ec5605739a599f	413	938	1362	303
METHOD_EXIT	io.netty.util.concurrent.UnorderedThreadPoolEventExecutor#runTask():V	f4329ce7d308a9fa79a6	455	1071	1537	311
METHOD_ENTRY	io.netty.util.concurrent.UnorderedThreadPoolEventExecutor#run():void	a88d542fe9cc9b7351c6	413	957	1381	198
METHOD_EXIT	io.netty.util.concurrent.UnorderedThreadPoolEventExecutor#run():void	352175a3ae8b4ac854d6	455	968	1434	57
METHOD_ENTRY	io.netty.util.concurrent.UnorderedThreadPoolEventExecutor#isPeriodic():boolean	128ccb21ed97a4e5ac30	413	887	1311	122
METHOD_EXIT	io.netty.util.concurrent.UnorderedThreadPoolEventExecutor#isPeriodic():boolean	3dc58eed1ffa7fcefe92	455	961	1427	98
METHOD_ENTRY	io.netty.util.concurrent.UnorderedThreadPoolEventExecutor#getDelay(TimeUnit):long	005f98fb69d05bd95c30	413	895	1319	175
METHOD_ENTRY	io.netty.util.concurrent.UnorderedThreadPoolEventExecutor#scheduleAtFixedRate(Runnable,long,long,TimeUnit):ScheduledFuture<?>	6743d793cdadd4c3323e	413	949	1373	201
METHOD_ENTRY	io.netty.util.concurrent.UnorderedThreadPoolEventExecutor#compareTo(Delayed):int	dc3d7d60c156f6734296	413	896	1320	233
METHOD_ENTRY	io.netty.util.concurrent.UnorderedThreadPoolEventExecutor#run():void	a88d542fe9cc9b7351c6	413	957	1381	198
METHOD_EXIT	io.netty.util.concurrent.UnorderedThreadPoolEventExecutor#run():void	352175a3ae8b4ac854d6	455	968	1434	57
METHOD_EXIT	io.netty.util.concurrent.UnorderedThreadPoolEventExecutor#compareTo(Delayed):int	61544a619b455977b38a	455	973	1439	237
METHOD_ENTRY	io.netty.util.concurrent.UnorderedThreadPoolEventExecutor#newThread(Runnable):Thread	cebe7b668e71f9db85e8	413	927	1351	94
METHOD_EXIT	io.netty.util.concurrent.UnorderedThreadPoolEventExecutor#newThread(Runnable):Thread	793386bf27df2964568d	455	1004	1470	270
METHOD_EXIT	io.netty.util.concurrent.RunnableScheduledFutureTask#runTask():V	6873cddb77bfdccdb68e	455	571	1037	196
METHOD_ENTRY	io.netty.util.concurrent.RunnableScheduledFutureTask#run():void	bff2ce960301e8d74364	413	457	881	209
METHOD_EXIT	io.netty.util.concurrent.RunnableScheduledFutureTask#run():void	436ecbb1108e45667581	455	468	934	257
METHOD_ENTRY	io.netty.util.concurrent.RunnableScheduledFutureTask#isPeriodic():boolean	4662975287c88567ef55	413	387	811	88
METHOD_EXIT	io.netty.util.concurrent.RunnableScheduledFutureTask#isPeriodic():boolean	a45058b825a69c8a0bc4	455	461	927	51
METHOD_ENTRY	io.netty.util.concurrent.RunnableScheduledFutureTask#getDelay(TimeUnit):long	cf83350aa62d3219064d	413	395	819	125
METHOD_ENTRY	io.netty.util.concurrent.RunnableScheduledFutureTask#compareTo(Delayed):int	47f7903e817e8114ef73	413	396	820	248
METHOD_EXIT	io.netty.util.concurrent.RunnableScheduledFutureTask#getDelay(TimeUnit):long	e28ac9b4bcceb5a0b740	455	472	938	161
METHOD_EXIT	io.netty.util.concurrent.RunnableScheduledFutureTask#compareTo(Delayed):int	816195ca56f164479ec3	455	473	939	243
METHOD_ENTRY	io.netty.util.concurrent.NonNotifyRunnable#run():void	03ca1a63994853856bba	413	455	879	262
METHOD_EXIT	io.netty.util.concurrent.NonNotifyRunnable#run():void	887c3d8c9b6133c8be7f	455	466	932	290
METHOD_ENTRY	io.netty.util.concurrent.AccountingThreadFactory#newThread(Runnable):Thread	1223a3a06722b7aa28c2	413	426	850	195
METHOD_ENTRY	io.netty.util.concurrent.DefaultEventExecutorGroup#newChild(Executor,Object):EventExecutor	1c5a2fb62835dfa5093e	413	483	907	321
METHOD_EXIT	io.netty.util.concurrent.DefaultEventExecutorGroup#newChild(Executor,Object):EventExecutor	a4da8d9d701d2e0224bb	455	561	1027	273
METHOD_ENTRY	io.netty.util.concurrent.ImmediateExecutor#execute(Runnable):void	eee721d071ad14a222c4	413	439	863	155
METHOD_EXIT	io.netty.util.concurrent.ImmediateExecutor#execute(Runnable):void	19c2f2f6e7dc17ccd272	455	450	916	169
METHOD_ENTRY	io.netty.util.concurrent.MockTicker#initialNanoTime():long	dddd5a08b8d20c6731e1	413	551	975	63
METHOD_ENTRY	io.netty.util.concurrent.MockTicker#advanceMillis(long):void	3e0f77c7c3f60ea5fd4b	413	557	981	51
METHOD_EXIT	io.netty.util.concurrent.MockTicker#initialNanoTime():long	e6cc29c1e336d3964395	455	625	1091	89
METHOD_EXIT	io.netty.util.concurrent.MockTicker#advanceMillis(long):void	f73bfb817465d981e334	455	568	1034	240
METHOD_EXIT	io.netty.util.concurrent.AccountingThreadFactory#newThread(Runnable):Thread	ce55be948d3c16535c43	455	503	969	270
METHOD_ENTRY	io.netty.util.concurrent.AbstractFuture#get():V	e4d05469553d42e8e470	413	481	905	229
METHOD_ENTRY	io.netty.util.concurrent.AbstractFuture#get(long,TimeUnit):V	5c63faf64c594fd4596c	413	535	959	295
METHOD_ENTRY	io.netty.util.concurrent.SystemTicker#initialNanoTime():long	2ed4f14042c225672c00	413	444	868	201
METHOD_EXIT	io.netty.util.concurrent.AbstractFuture#get(long,TimeUnit):V	01d1a301fa0c81013bf5	455	612	1078	251
METHOD_ENTRY	io.netty.util.concurrent.RunnableScheduledFutureTask#runTask():V	456125d887364bbcb844	413	497	921	242
METHOD_EXIT	io.netty.util.concurrent.AbstractFuture#get():V	8b10793d6a6c5b99b36e	455	555	1021	292
METHOD_EXIT	io.netty.util.concurrent.SystemTicker#initialNanoTime():long	54f74b3c8885ffb818a7	455	518	984	133
METHOD_EXIT	io.netty.util.concurrent.SystemTicker#nanoTime():long	fd7c71392eeef849fbbd	455	521	987	141
METHOD_ENTRY	io.netty.util.concurrent.SystemTicker#nanoTime():long	26ea8c508445421d871b	413	447	871	194
METHOD_ENTRY	io.netty.util.concurrent.SystemTicker#sleep(long,TimeUnit):void	bbdb374dce2e27edfd95	413	471	895	138
METHOD_EXIT	io.netty.util.concurrent.PromiseCombiner#operationComplete(Future<?>):void	9272493215e289a957dc	455	1111	1577	305
METHOD_ENTRY	io.netty.util.concurrent.PromiseCombiner#run():void	1a83aa8e56b18bedeec5	413	1096	1520	247
METHOD_EXIT	io.netty.util.concurrent.SystemTicker#sleep(long,TimeUnit):void	8d8ba4fad2dc3681c8be	455	482	948	278
METHOD_EXIT	io.netty.util.concurrent.PromiseCombiner#run():void	8e85394ee2c66f8f73fc	455	1107	1573	268
METHOD_EXIT	io.netty.util.concurrent.PromiseCombiner#operationComplete0(Future<?>):void	bccc96af40fb756dd353	455	1112	1578	305
METHOD_EXIT	io.netty.util.concurrent.UnorderedThreadPoolEventExecutor#getDelay(TimeUnit):long	e95582c1ade9edcdce50	455	972	1438	170
METHOD_ENTRY	io.netty.util.concurrent.PromiseCombiner#add(Promise):void	3d3e9edbf473d416429a	413	1125	1549	237
METHOD_EXIT	io.netty.util.concurrent.PromiseCombiner#add(Promise):void	58e27d84c80eec0228f9	455	1136	1602	298
METHOD_EXIT	io.netty.util.concurrent.PromiseCombiner#add(Future):void	9581d9bd7dfb49dd9c90	455	1158	1624	271
METHOD_ENTRY	io.netty.util.concurrent.PromiseCombiner#addAll(Promise):void	55115e2035480a053046	413	1129	1553	251
METHOD_ENTRY	io.netty.util.concurrent.PromiseCombiner#add(Future):void	bbad48520d24ea97ad52	413	1147	1571	276
METHOD_ENTRY	io.netty.util.concurrent.PromiseCombiner#addAll(Future):void	73da09e730db52e182b0	413	1145	1569	269
METHOD_EXIT	io.netty.util.concurrent.PromiseCombiner#addAll(Future):void	e3d918668e40097dbfe5	455	1156	1622	297
METHOD_EXIT	io.netty.util.concurrent.PromiseCombiner#finish(Promise<Void>):void	62687aa789a92e982345	455	1197	1663	248
METHOD_ENTRY	io.netty.util.concurrent.PromiseCombiner#finish(Promise<Void>):void	3979082cf3589d25686b	413	1186	1610	218
METHOD_ENTRY	io.netty.util.concurrent.PromiseCombiner#operationComplete0(Future<?>):void	27b84c674cb726627b5d	413	1101	1525	273
METHOD_ENTRY	io.netty.util.concurrent.PromiseCombiner#operationComplete(Future<?>):void	5339c06825c440d249d1	413	1100	1524	254
METHOD_EXIT	io.netty.util.concurrent.PromiseCombiner#checkInEventLoop():void	0e2bb7ae899f7b9bdecd	455	1150	1616	194
METHOD_ENTRY	io.netty.util.concurrent.PromiseCombiner#tryPromise():boolean	26edfae706e54565902a	413	1131	1555	216
METHOD_ENTRY	io.netty.util.concurrent.PromiseCombiner#checkInEventLoop():void	218bc17b862f267d0cd7	413	1139	1563	245
METHOD_EXIT	io.netty.util.concurrent.RejectedExecutionHandlers#rejected(Runnable,SingleThreadEventExecutor):void	85c3501f8b9ba67eb2d8	455	528	994	109
METHOD_ENTRY	io.netty.util.concurrent.PromiseCombiner#checkAddAllowed():void	a19cc7bac6e2e1a9f92e	413	1138	1562	208
METHOD_EXIT	io.netty.util.concurrent.PromiseCombiner#checkAddAllowed():void	0da2740824400cf2cea5	455	1149	1615	272
METHOD_ENTRY	io.netty.util.concurrent.RejectedExecutionHandlers#reject():RejectedExecutionHandler	0e1ee60718f44832853d	413	531	955	106
METHOD_EXIT	io.netty.util.concurrent.RejectedExecutionHandlers#reject():RejectedExecutionHandler	ee135037dcc73d651d8d	455	608	1074	103
METHOD_EXIT	io.netty.util.concurrent.PromiseCombiner#addAll(Promise):void	1f7dd76a3ba1e97b2dc0	455	1140	1606	296
METHOD_EXIT	io.netty.util.concurrent.RejectedExecutionHandlers#rejected(Runnable,SingleThreadEventExecutor):void	85c3501f8b9ba67eb2d8	455	528	994	109
METHOD_EXIT	io.netty.util.concurrent.PromiseCombiner#tryPromise():boolean	016bc70c8dbbfe1aa8bb	455	1205	1671	260
METHOD_ENTRY	io.netty.util.concurrent.RejectedExecutionHandlers#backoff(int,long,TimeUnit):RejectedExecutionHandler	ddb3893df23c8644da2b	413	735	1159	212
METHOD_EXIT	io.netty.util.concurrent.RejectedExecutionHandlers#backoff(int,long,TimeUnit):RejectedExecutionHandler	c599c48df593a7e29335	455	815	1281	290
METHOD_ENTRY	io.netty.util.concurrent.FastThreadLocalThread#threadLocalMap():InternalThreadLocalMap	8e5a193b4a3045d3175c	413	1122	1546	238
METHOD_EXIT	io.netty.util.concurrent.FastThreadLocalThread#setThreadLocalMap(InternalThreadLocalMap):void	0ae18f6cbcb8b356c39d	455	1152	1618	352
METHOD_ENTRY	io.netty.util.concurrent.FastThreadLocalThread#setThreadLocalMap(InternalThreadLocalMap):void	096170a48db21c24c92c	413	1141	1565	302
METHOD_ENTRY	io.netty.util.concurrent.FastThreadLocalThread#willCleanupFastThreadLocals():boolean	cf8f092424642de5067b	413	1079	1503	268
METHOD_EXIT	io.netty.util.concurrent.FastThreadLocalThread#willCleanupFastThreadLocals():boolean	cc631b34e014666a29e3	455	1153	1619	203
METHOD_ENTRY	io.netty.util.concurrent.RejectedExecutionHandlers#rejected(Runnable,SingleThreadEventExecutor):void	af521eed81a6b70699af	413	517	941	101
METHOD_ENTRY	io.netty.util.concurrent.RejectedExecutionHandlers#rejected(Runnable,SingleThreadEventExecutor):void	af521eed81a6b70699af	413	517	941	101
METHOD_ENTRY	io.netty.util.concurrent.FastThreadLocalThread#willCleanupFastThreadLocals(Thread):boolean	e6cd8c3bad8d11133ff7	413	1102	1526	203
METHOD_ENTRY	io.netty.util.concurrent.FastThreadLocalThread#currentThreadWillCleanupFastThreadLocals():boolean	199409be698317323b58	413	1138	1562	310
METHOD_EXIT	io.netty.util.concurrent.FastThreadLocalThread#currentThreadWillCleanupFastThreadLocals():boolean	3f78b30630df5605eac4	455	1212	1678	394
METHOD_ENTRY	io.netty.util.concurrent.FastThreadLocalThread#currentThreadHasFastThreadLocal():boolean	d7df48e1255066aae541	413	1103	1527	309
METHOD_EXIT	io.netty.util.concurrent.FastThreadLocalThread#currentThreadHasFastThreadLocal():boolean	a3a282a10baf4eb7067d	455	1177	1643	230
METHOD_EXIT	io.netty.util.concurrent.FastThreadLocalThread#isFastThreadLocalVirtualThread():boolean	0a6ac411c9ae95216bfd	455	1155	1621	201
METHOD_ENTRY	io.netty.util.concurrent.FastThreadLocalThread#runWithFastThreadLocal(Runnable):void	a2b6b9f3216ec0c520fe	413	1189	1613	153
METHOD_EXIT	io.netty.util.concurrent.FastThreadLocalThread#runWithFastThreadLocal(Runnable):void	a9d82c3e8086c9d367f0	455	1200	1666	259
METHOD_ENTRY	io.netty.util.concurrent.FastThreadLocalThread#permitBlockingCalls():boolean	cc78cbe3f4f9d508cb56	413	1065	1489	53
METHOD_EXIT	io.netty.util.concurrent.FastThreadLocalThread#willCleanupFastThreadLocals(Thread):boolean	861056e374b172c0133a	455	1179	1645	293
METHOD_ENTRY	io.netty.util.concurrent.FastThreadLocalThread#isFastThreadLocalVirtualThread():boolean	b4448ea3850cf51ce619	413	1081	1505	228
METHOD_EXIT	io.netty.util.concurrent.FastThreadLocalThread#permitBlockingCalls():boolean	ec0725bb12a08b552857	455	1139	1605	47
METHOD_ENTRY	io.netty.util.concurrent.FastThreadLocalThread#contains(long):boolean	1d744a0cc0cd0382b596	413	1108	1532	327
METHOD_EXIT	io.netty.util.concurrent.FastThreadLocalThread#contains(long):boolean	73d554e72479f6df4df0	455	1185	1651	350
METHOD_ENTRY	io.netty.util.concurrent.FastThreadLocalThread#add(long):FallbackThreadSet	b11f42df96f86b8f3ee0	413	1148	1572	291
METHOD_EXIT	io.netty.util.concurrent.FastThreadLocalThread#add(long):FallbackThreadSet	a90bcce1cbdd2f21de8f	455	1228	1694	323
METHOD_ENTRY	io.netty.util.concurrent.FallbackThreadSet#contains(long):boolean	3101c2d39e39f9da94ff	413	426	850	221
METHOD_ENTRY	io.netty.util.concurrent.FallbackThreadSet#add(long):FallbackThreadSet	cbac543b137f306a5c6c	413	466	890	202
METHOD_ENTRY	io.netty.util.concurrent.FastThreadLocalThread#remove(long):FallbackThreadSet	5e1f111d8e1f6822714c	413	1189	1613	195
METHOD_EXIT	io.netty.util.concurrent.FallbackThreadSet#add(long):FallbackThreadSet	2b9acac51f76cceaa71a	455	546	1012	273
METHOD_EXIT	io.netty.util.concurrent.FallbackThreadSet#contains(long):boolean	98f548638bfe05d1b0b4	455	503	969	331
METHOD_ENTRY	io.netty.util.concurrent.FallbackThreadSet#remove(long):FallbackThreadSet	d1342dd4cca8f8deb1b3	413	507	931	265
METHOD_EXIT	io.netty.util.concurrent.FastThreadLocalThread#threadLocalMap():InternalThreadLocalMap	2f6e2b74460af1bc983d	455	1199	1665	269
METHOD_ENTRY	io.netty.util.concurrent.CompleteFuture#executor():EventExecutor	6eb344c654313302f321	413	668	1092	111
METHOD_EXIT	io.netty.util.concurrent.CompleteFuture#executor():EventExecutor	ab84b1d2b3478b56fe85	455	743	1209	114
METHOD_ENTRY	io.netty.util.concurrent.CompleteFuture#addListener(GenericFutureListener<? extends Future<? super V>>):Future<V>	97a7452645e90958fa46	413	726	1150	127
METHOD_EXIT	io.netty.util.concurrent.FallbackThreadSet#remove(long):FallbackThreadSet	94001bcb57e95fea6c47	455	587	1053	345
METHOD_EXIT	io.netty.util.concurrent.CompleteFuture#addListener(GenericFutureListener<? extends Future<? super V>>):Future<V>	083eca57e75c718c181e	455	804	1270	242
METHOD_ENTRY	io.netty.util.concurrent.CompleteFuture#addListeners(GenericFutureListener<? extends Future<? super V>>):Future<V>	ddae89864f66ceec482f	413	762	1186	226
METHOD_ENTRY	io.netty.util.concurrent.CompleteFuture#removeListener(GenericFutureListener<? extends Future<? super V>>):Future<V>	99c6ff5c0cca4db3d09d	413	711	1135	149
METHOD_EXIT	io.netty.util.concurrent.CompleteFuture#removeListener(GenericFutureListener<? extends Future<? super V>>):Future<V>	db3e43797fd960a4209d	455	789	1255	211
METHOD_ENTRY	io.netty.util.concurrent.CompleteFuture#removeListeners(GenericFutureListener<? extends Future<? super V>>):Future<V>	b0bdb8e7f62b8cfdee4b	413	712	1136	175
METHOD_EXIT	io.netty.util.concurrent.CompleteFuture#removeListeners(GenericFutureListener<? extends Future<? super V>>):Future<V>	3e614c4267a629d967e6	455	790	1256	231
METHOD_ENTRY	io.netty.util.concurrent.CompleteFuture#await():Future<V>	29ca85fd7599b21c3d0f	413	692	1116	278
METHOD_ENTRY	io.netty.util.concurrent.CompleteFuture#await(long,TimeUnit):boolean	05b12bd52bd85b8656e4	413	706	1130	229
METHOD_EXIT	io.netty.util.concurrent.CompleteFuture#await():Future<V>	cfdf4a94ad4103e893e4	455	767	1233	236
METHOD_EXIT	io.netty.util.concurrent.CompleteFuture#await(long,TimeUnit):boolean	ab32c3fe8eac8101659d	455	783	1249	192
METHOD_ENTRY	io.netty.util.concurrent.CompleteFuture#sync():Future<V>	23043056f30ead6ba568	413	676	1100	196
METHOD_EXIT	io.netty.util.concurrent.CompleteFuture#sync():Future<V>	824c960181085d9bde74	455	751	1217	178
METHOD_ENTRY	io.netty.util.concurrent.CompleteFuture#syncUninterruptibly():Future<V>	0c3c9832f3babf5a4d11	413	679	1103	201
METHOD_EXIT	io.netty.util.concurrent.CompleteFuture#syncUninterruptibly():Future<V>	aa95b9db8534be85d8c8	455	754	1220	263
METHOD_ENTRY	io.netty.util.concurrent.CompleteFuture#awaitUninterruptibly():Future<V>	81c5432e23dd1b3cbeed	413	679	1103	180
METHOD_EXIT	io.netty.util.concurrent.CompleteFuture#await(long):boolean	ddb6d31b05a923600e7b	455	772	1238	169
METHOD_EXIT	io.netty.util.concurrent.CompleteFuture#awaitUninterruptibly():Future<V>	94331bf1fff286843293	455	754	1220	155
METHOD_ENTRY	io.netty.util.concurrent.CompleteFuture#await(long):boolean	346c09d7ed797b3f6692	413	695	1119	236
METHOD_EXIT	io.netty.util.concurrent.CompleteFuture#addListeners(GenericFutureListener<? extends Future<? super V>>):Future<V>	87966ffa95f931eccf59	455	840	1306	217
METHOD_ENTRY	io.netty.util.concurrent.CompleteFuture#awaitUninterruptibly(long,TimeUnit):boolean	ee81816db9d0735fa293	413	693	1117	250
METHOD_EXIT	io.netty.util.concurrent.CompleteFuture#awaitUninterruptibly(long,TimeUnit):boolean	87d769bf9cc14f493767	455	770	1236	200
METHOD_ENTRY	io.netty.util.concurrent.CompleteFuture#awaitUninterruptibly(long):boolean	4215e17dbd8479b4963a	413	682	1106	40
METHOD_EXIT	io.netty.util.concurrent.CompleteFuture#awaitUninterruptibly(long):boolean	1e7e6e90f19fbc38d399	455	759	1225	136
METHOD_ENTRY	io.netty.util.concurrent.CompleteFuture#isDone():boolean	4d2db1cbc58c44e0bd25	413	671	1095	47
METHOD_EXIT	io.netty.util.concurrent.CompleteFuture#isDone():boolean	c34c03ac41fc4ff843f1	455	745	1211	68
METHOD_EXIT	io.netty.util.concurrent.CompleteFuture#isCancellable():boolean	e011b0bbca46adbe95ba	455	747	1213	60
METHOD_EXIT	io.netty.util.concurrent.FastThreadLocalThread#remove(long):FallbackThreadSet	8337690ec029f4fdc679	455	1269	1735	278
METHOD_ENTRY	io.netty.util.concurrent.CompleteFuture#isCancelled():boolean	cc681162f10749628a77	413	671	1095	226
METHOD_ENTRY	io.netty.util.concurrent.CompleteFuture#cancel(boolean):boolean	ddad3152f0897979606f	413	680	1104	83
METHOD_EXIT	io.netty.util.concurrent.CompleteFuture#cancel(boolean):boolean	240a313df2d0607b81a9	455	757	1223	125
METHOD_ENTRY	io.netty.util.concurrent.CompleteFuture#isCancellable():boolean	ab253fa666845c47ec44	413	673	1097	134
METHOD_ENTRY	io.netty.util.concurrent.ScheduledFutureTask#validatePeriod(long):long	1a30d03536fcc8bdd052	413	678	1102	165
METHOD_EXIT	io.netty.util.concurrent.ScheduledFutureTask#validatePeriod(long):long	8505624a0af076c4b34c	455	755	1221	229
METHOD_EXIT	io.netty.util.concurrent.CompleteFuture#isCancelled():boolean	ffa6087689774b80862a	455	745	1211	98
METHOD_EXIT	io.netty.util.concurrent.ScheduledFutureTask#setId(long):ScheduledFutureTask<V>	230783e8840625b6c380	455	753	1219	242
METHOD_ENTRY	io.netty.util.concurrent.ScheduledFutureTask#getId():long	b23b758ea08af33a6384	413	641	1065	260
METHOD_ENTRY	io.netty.util.concurrent.ScheduledFutureTask#setId(long):ScheduledFutureTask<V>	46567916245b1acbb0a1	413	673	1097	204
METHOD_EXIT	io.netty.util.concurrent.ScheduledFutureTask#getId():long	08118c0ea755bb965dbc	455	715	1181	215
METHOD_EXIT	io.netty.util.concurrent.ScheduledFutureTask#executor():EventExecutor	a6942145e7dbe5764ff1	455	722	1188	231
METHOD_ENTRY	io.netty.util.concurrent.ScheduledFutureTask#deadlineNanos():long	14f6c64da1c136c55cfe	413	647	1071	306
METHOD_EXIT	io.netty.util.concurrent.ScheduledFutureTask#deadlineNanos():long	3fb5569b07688d509af3	455	721	1187	287
METHOD_EXIT	io.netty.util.concurrent.ScheduledFutureTask#setConsumed():void	d8187e34651254c6fbf3	455	709	1175	347
METHOD_ENTRY	io.netty.util.concurrent.ScheduledFutureTask#setConsumed():void	803d073c0e7e1a10202a	413	698	1122	289
METHOD_ENTRY	io.netty.util.concurrent.ScheduledFutureTask#delayNanos():long	385d404f3b2c6adcf194	413	676	1100	289
METHOD_EXIT	io.netty.util.concurrent.ScheduledFutureTask#delayNanos():long	c18815caadb6b775953f	455	750	1216	345
METHOD_ENTRY	io.netty.util.concurrent.ScheduledFutureTask#executor():EventExecutor	0d9e34e710e0305c0aca	413	647	1071	226
METHOD_ENTRY	io.netty.util.concurrent.ScheduledFutureTask#deadlineToDelayNanos(long,long):long	98998643b14be718a35b	413	698	1122	354
METHOD_EXIT	io.netty.util.concurrent.ScheduledFutureTask#deadlineToDelayNanos(long,long):long	b7fb4d8e3d68f6a1491b	455	775	1241	357
METHOD_EXIT	io.netty.util.concurrent.ScheduledFutureTask#delayNanos(long):long	74d7999f1fcb40c7b589	455	745	1211	259
METHOD_ENTRY	io.netty.util.concurrent.ScheduledFutureTask#delayNanos(long):long	33d069570d9464012552	413	668	1092	49
METHOD_ENTRY	io.netty.util.concurrent.ScheduledFutureTask#getDelay(TimeUnit):long	18c01866563d8bf0bb56	413	663	1087	275
METHOD_EXIT	io.netty.util.concurrent.ScheduledFutureTask#getDelay(TimeUnit):long	a353354ca7e57bb4c1b8	455	740	1206	276
METHOD_ENTRY	io.netty.util.concurrent.ScheduledFutureTask#compareTo(Delayed):int	8a7becb36e07c91df021	413	758	1182	291
METHOD_ENTRY	io.netty.util.concurrent.ScheduledFutureTask#run():void	bbd69b09e18f60c9f789	413	877	1301	297
METHOD_ENTRY	io.netty.util.concurrent.ScheduledFutureTask#scheduledExecutor():AbstractScheduledEventExecutor	d980b08cd0399143e3cf	413	655	1079	263
METHOD_EXIT	io.netty.util.concurrent.ScheduledFutureTask#scheduledExecutor():AbstractScheduledEventExecutor	35551d8c6323f171dc6a	455	732	1198	187
METHOD_ENTRY	io.netty.util.concurrent.ScheduledFutureTask#cancel(boolean):boolean	52944e84bae2cc4f5fb3	413	684	1108	70
METHOD_EXIT	io.netty.util.concurrent.ScheduledFutureTask#cancel(boolean):boolean	8d6aae34751a3c89ef25	455	761	1227	277
METHOD_EXIT	io.netty.util.concurrent.ScheduledFutureTask#run():void	7183417afbd1b4ccb513	455	888	1354	402
METHOD_ENTRY	io.netty.util.concurrent.ScheduledFutureTask#cancelWithoutRemove(boolean):boolean	4f1ca69c6783c91fb8d8	413	661	1085	209
METHOD_EXIT	io.netty.util.concurrent.ScheduledFutureTask#compareTo(Delayed):int	5a3f3ca4b3ea5f83dbdc	455	835	1301	453
METHOD_ENTRY	io.netty.util.concurrent.Ticker#systemTicker():Ticker	06d5b22000377a083e27	413	708	1132	59
METHOD_ENTRY	io.netty.util.concurrent.ScheduledFutureTask#toStringBuilder():StringBuilder	bd0fb46c4bf74d464d69	413	705	1129	191
METHOD_EXIT	io.netty.util.concurrent.ScheduledFutureTask#toStringBuilder():StringBuilder	4cc8e17e1d0407798612	455	780	1246	180
METHOD_EXIT	io.netty.util.concurrent.ScheduledFutureTask#priorityQueueIndex(DefaultPriorityQueue<?>):int	effcd0acdb08a96ad482	455	740	1206	163
METHOD_ENTRY	io.netty.util.concurrent.ScheduledFutureTask#priorityQueueIndex(DefaultPriorityQueue<?>):int	b1b522cf5f0087c8741c	413	663	1087	301
METHOD_EXIT	io.netty.util.concurrent.ScheduledFutureTask#cancelWithoutRemove(boolean):boolean	8a6e12b48a413dfcb2dd	455	738	1204	222
METHOD_ENTRY	io.netty.util.concurrent.ScheduledFutureTask#priorityQueueIndex(DefaultPriorityQueue<?>,int):void	b5240c5a53f9c7050bcb	413	674	1098	128
METHOD_ENTRY	io.netty.util.concurrent.Ticker#newMockTicker():MockTicker	baa5f32a3238daad5258	413	712	1136	62
METHOD_EXIT	io.netty.util.concurrent.ScheduledFutureTask#priorityQueueIndex(DefaultPriorityQueue<?>,int):void	fc59ad95c02ba27b77f9	455	685	1151	229
METHOD_ENTRY	io.netty.util.concurrent.Ticker#sleepMillis(long):void	caea4db23a5b93d3cce5	413	720	1144	53
METHOD_EXIT	io.netty.util.concurrent.Ticker#newMockTicker():MockTicker	def88bbad26d94699454	455	787	1253	238
METHOD_EXIT	io.netty.util.concurrent.Ticker#sleepMillis(long):void	8db8aedacff05ad081d9	455	731	1197	331
METHOD_EXIT	io.netty.util.concurrent.Ticker#systemTicker():Ticker	1d9534b3704b05201b22	455	783	1249	270
METHOD_ENTRY	io.netty.util.concurrent.MpscIntQueue#weakPeekReduce(int,int,IntBinaryOperator):int	baf55d7d196a1002d6b8	413	1056	1480	168
METHOD_EXIT	io.netty.util.concurrent.MpscIntQueue#create(int,int):MpscIntQueue	7a9db710152fdc8b20f5	455	1098	1564	277
METHOD_ENTRY	io.netty.util.concurrent.MpscIntQueue#create(int,int):MpscIntQueue	1b08f2edb96aab830224	413	1018	1442	306
METHOD_ENTRY	io.netty.util.concurrent.MpscIntQueue#offer(int):boolean	43758cef83654f22341e	413	1282	1706	109
METHOD_EXIT	io.netty.util.concurrent.MpscIntQueue#offer(int):boolean	26d5d6e2a86f81fd39e9	455	1359	1825	275
METHOD_ENTRY	io.netty.util.concurrent.MpscIntQueue#drain(int,IntConsumer):int	78590b4aec9f66a863a7	413	1187	1611	188
METHOD_EXIT	io.netty.util.concurrent.MpscIntQueue#weakPeekReduce(int,int,IntBinaryOperator):int	512d150ebeba1325eb04	455	1133	1599	203
METHOD_EXIT	io.netty.util.concurrent.MpscIntQueue#drain(int,IntConsumer):int	349f37a3ebe04fbc2400	455	1264	1730	272
METHOD_EXIT	io.netty.util.concurrent.MpscIntQueue#fill(int,IntSupplier):int	a5ab61cf19c99f31ff35	455	1382	1848	296
METHOD_ENTRY	io.netty.util.concurrent.MpscIntQueue#weakPeekReduce(int,int,IntBinaryOperator):int	baf55d7d196a1002d6b8	413	1056	1480	168
METHOD_EXIT	io.netty.util.concurrent.MpscIntQueue#poll():int	a50011652ab69299bde6	455	1242	1708	329
METHOD_EXIT	io.netty.util.concurrent.MpscIntQueue#weakPeekReduce(int,int,IntBinaryOperator):int	512d150ebeba1325eb04	455	1133	1599	203
METHOD_ENTRY	io.netty.util.concurrent.MpscIntQueue#size():int	c77faaa43be4e202f2bb	413	1086	1510	264
METHOD_EXIT	io.netty.util.concurrent.MpscIntQueue#size():int	ec74003263adfd773861	455	1160	1626	156
METHOD_ENTRY	io.netty.util.concurrent.MpscIntQueue#poll():int	81ef32d5b81f8d6973b0	413	1168	1592	4313
METHOD_EXIT	io.netty.util.concurrent.MpscIntQueue#isEmpty():boolean	468f6abbf21a2a6adcc1	455	1101	1567	259
METHOD_ENTRY	io.netty.util.concurrent.MpscIntQueue#fill(int,IntSupplier):int	6d68e5b694d0cd3f15e7	413	1305	1729	251
METHOD_EXIT	io.netty.util.concurrent.MpscAtomicIntegerArrayQueue#offer(int):boolean	f84c1d7f97ba4ac559ff	455	753	1219	271
METHOD_ENTRY	io.netty.util.concurrent.MpscAtomicIntegerArrayQueue#offer(int):boolean	3a4750415ccaa70deb7a	413	676	1100	271
METHOD_ENTRY	io.netty.util.concurrent.MpscIntQueue#isEmpty():boolean	75d69c1787f2f69bd42c	413	1027	1451	76
METHOD_ENTRY	io.netty.util.concurrent.MpscAtomicIntegerArrayQueue#poll():int	4542d539c9c0412ad0e2	413	562	986	269
METHOD_EXIT	io.netty.util.concurrent.MpscAtomicIntegerArrayQueue#poll():int	094f3f8a0c544a87f56d	455	636	1102	315
METHOD_ENTRY	io.netty.util.concurrent.MpscAtomicIntegerArrayQueue#drain(int,IntConsumer):int	5b3515910d38db31b44c	413	581	1005	243
METHOD_EXIT	io.netty.util.concurrent.MpscAtomicIntegerArrayQueue#drain(int,IntConsumer):int	9195b130303765956384	455	658	1124	238
METHOD_EXIT	io.netty.util.concurrent.MpscAtomicIntegerArrayQueue#fill(int,IntSupplier):int	858484207bb53d73e115	455	776	1242	298
METHOD_ENTRY	io.netty.util.concurrent.MpscAtomicIntegerArrayQueue#isEmpty():boolean	9d082f42124454a84079	413	421	845	165
METHOD_EXIT	io.netty.util.concurrent.MpscAtomicIntegerArrayQueue#isEmpty():boolean	5a2b4782c6a803809b20	455	495	961	270
METHOD_ENTRY	io.netty.util.concurrent.MpscAtomicIntegerArrayQueue#size():int	263831a7e090515a4a08	413	480	904	301
METHOD_EXIT	io.netty.util.concurrent.MpscAtomicIntegerArrayQueue#size():int	3ee51f609a39eb363a9e	455	554	1020	288
METHOD_ENTRY	io.netty.util.concurrent.MpscAtomicIntegerArrayQueue#fill(int,IntSupplier):int	f9d098b278bba5e6b4d4	413	699	1123	269
METHOD_ENTRY	io.netty.util.concurrent.MpscAtomicIntegerArrayQueue#weakPeekReduce(int,int,IntBinaryOperator):int	7471dc81d33a9dee13ea	413	450	874	244
METHOD_ENTRY	io.netty.util.concurrent.NonStickyEventExecutorGroup#verify(EventExecutorGroup):EventExecutorGroup	69e4b8388728ca63f632	413	943	1367	316
METHOD_EXIT	io.netty.util.concurrent.NonStickyEventExecutorGroup#newExecutor(EventExecutor):NonStickyOrderedEventExecutor	0f33fdb20a9cb566387f	455	960	1426	232
METHOD_ENTRY	io.netty.util.concurrent.NonStickyEventExecutorGroup#newExecutor(EventExecutor):NonStickyOrderedEventExecutor	194c5ad2353f7a4db4ca	413	879	1303	132
METHOD_EXIT	io.netty.util.concurrent.NonStickyEventExecutorGroup#verify(EventExecutorGroup):EventExecutorGroup	3fd29473c165c4a2735f	455	1022	1488	270
METHOD_EXIT	io.netty.util.concurrent.MpscAtomicIntegerArrayQueue#weakPeekReduce(int,int,IntBinaryOperator):int	3bf556b315647bbb8d61	455	527	993	255
METHOD_ENTRY	io.netty.util.concurrent.NonStickyEventExecutorGroup#isShuttingDown():boolean	64a3e269375110e442b6	413	861	1285	424
METHOD_EXIT	io.netty.util.concurrent.NonStickyEventExecutorGroup#shutdownGracefully():Future<?>	2419ed8cae8962663ac8	455	935	1401	316
METHOD_ENTRY	io.netty.util.concurrent.NonStickyEventExecutorGroup#shutdownGracefully(long,long,TimeUnit):Future<?>	9d320ec65cd86b625779	413	896	1320	212
METHOD_ENTRY	io.netty.util.concurrent.NonStickyEventExecutorGroup#terminationFuture():Future<?>	dea721af9059258e6710	413	858	1282	208
METHOD_EXIT	io.netty.util.concurrent.NonStickyEventExecutorGroup#shutdownGracefully(long,long,TimeUnit):Future<?>	7498036399a02b826af2	455	974	1440	256
METHOD_ENTRY	io.netty.util.concurrent.NonStickyEventExecutorGroup#shutdown():void	86ba65873dd171eb530f	413	859	1283	218
METHOD_EXIT	io.netty.util.concurrent.NonStickyEventExecutorGroup#isShuttingDown():boolean	084c91ef43d17f26bca8	455	935	1401	54
METHOD_ENTRY	io.netty.util.concurrent.NonStickyEventExecutorGroup#shutdownGracefully():Future<?>	00d4c89cd349e2949d54	413	860	1284	254
METHOD_EXIT	io.netty.util.concurrent.NonStickyEventExecutorGroup#shutdown():void	9bc9110702874e80fdae	455	870	1336	277
METHOD_ENTRY	io.netty.util.concurrent.NonStickyEventExecutorGroup#shutdownNow():List<Runnable>	13277da622018adb6467	413	869	1293	231
METHOD_EXIT	io.netty.util.concurrent.NonStickyEventExecutorGroup#terminationFuture():Future<?>	8000b1ece24e0450d253	455	933	1399	210
METHOD_EXIT	io.netty.util.concurrent.NonStickyEventExecutorGroup#shutdownNow():List<Runnable>	85c190132a32dcaf64e5	455	945	1411	284
METHOD_ENTRY	io.netty.util.concurrent.NonStickyEventExecutorGroup#next():EventExecutor	1ec8a81c72d352738251	413	856	1280	115
METHOD_EXIT	io.netty.util.concurrent.NonStickyEventExecutorGroup#next():EventExecutor	82b0bd2b18b776a023f4	455	931	1397	320
METHOD_ENTRY	io.netty.util.concurrent.NonStickyEventExecutorGroup#hasNext():boolean	bc1fac65aacdb0040e2f	413	834	1258	311
METHOD_EXIT	io.netty.util.concurrent.NonStickyEventExecutorGroup#next():EventExecutor	82b0bd2b18b776a023f4	455	931	1397	320
METHOD_EXIT	io.netty.util.concurrent.NonStickyEventExecutorGroup#hasNext():boolean	bffbc6ec7196340b47bb	455	845	1311	285
METHOD_ENTRY	io.netty.util.concurrent.NonStickyEventExecutorGroup#remove():void	f53e91d5ecf189182cec	413	833	1257	89
METHOD_EXIT	io.netty.util.concurrent.NonStickyEventExecutorGroup#remove():void	6577a00498b5f41e8058	455	844	1310	312
METHOD_ENTRY	io.netty.util.concurrent.NonStickyEventExecutorGroup#next():EventExecutor	1ec8a81c72d352738251	413	856	1280	115
METHOD_EXIT	io.netty.util.concurrent.NonStickyEventExecutorGroup#iterator():Iterator<EventExecutor>	a1bf03ed0e7ac2b8aaad	455	1006	1472	221
METHOD_ENTRY	io.netty.util.concurrent.NonStickyEventExecutorGroup#submit(Runnable):Future<?>	2c9021b04a9a3a7e4b6a	413	862	1286	158
METHOD_ENTRY	io.netty.util.concurrent.NonStickyEventExecutorGroup#iterator():Iterator<EventExecutor>	03738ef5b7aee4576898	413	930	1354	257
METHOD_EXIT	io.netty.util.concurrent.NonStickyEventExecutorGroup#submit(Runnable):Future<?>	3ee56eb0448e9b9e6c3b	455	940	1406	242
METHOD_ENTRY	io.netty.util.concurrent.NonStickyEventExecutorGroup#submit(Runnable,T):Future<T>	d891a3b08ad4164b1c67	413	939	1363	158
METHOD_EXIT	io.netty.util.concurrent.NonStickyEventExecutorGroup#submit(Runnable,T):Future<T>	3cccc71fed76a076a9fb	455	951	1417	244
METHOD_ENTRY	io.netty.util.concurrent.NonStickyEventExecutorGroup#submit(Callable<T>):Future<T>	43a5a70a4ac41aac901a	413	871	1295	112
METHOD_EXIT	io.netty.util.concurrent.NonStickyEventExecutorGroup#schedule(Runnable,long,TimeUnit):ScheduledFuture<?>	420d7bc518da6fc4dc36	455	969	1435	232
METHOD_ENTRY	io.netty.util.concurrent.NonStickyEventExecutorGroup#scheduleAtFixedRate(Runnable,long,long,TimeUnit):ScheduledFuture<?>	98ec6c0da012e77effad	413	913	1337	248
METHOD_EXIT	io.netty.util.concurrent.NonStickyEventExecutorGroup#schedule(Callable<V>,long,TimeUnit):ScheduledFuture<V>	3a7e9f563becf0864149	455	980	1446	241
METHOD_EXIT	io.netty.util.concurrent.NonStickyEventExecutorGroup#scheduleAtFixedRate(Runnable,long,long,TimeUnit):ScheduledFuture<?>	deeb90801878aaa37ee9	455	992	1458	248
METHOD_ENTRY	io.netty.util.concurrent.NonStickyEventExecutorGroup#scheduleWithFixedDelay(Runnable,long,long,TimeUnit):ScheduledFuture<?>	db3acfa02d326fac8f2b	413	913	1337	198
METHOD_ENTRY	io.netty.util.concurrent.NonStickyEventExecutorGroup#schedule(Callable<V>,long,TimeUnit):ScheduledFuture<V>	5c38dcdcf57d706b0f70	413	901	1325	116
METHOD_EXIT	io.netty.util.concurrent.NonStickyEventExecutorGroup#scheduleWithFixedDelay(Runnable,long,long,TimeUnit):ScheduledFuture<?>	653fd3ca5d1c32de0107	455	992	1458	230
METHOD_ENTRY	io.netty.util.concurrent.NonStickyEventExecutorGroup#isShutdown():boolean	850f8b0568c84958ab36	413	855	1279	246
METHOD_EXIT	io.netty.util.concurrent.NonStickyEventExecutorGroup#isShutdown():boolean	1add33b1c587e90f4d0f	455	929	1395	214
METHOD_ENTRY	io.netty.util.concurrent.NonStickyEventExecutorGroup#schedule(Runnable,long,TimeUnit):ScheduledFuture<?>	b68d0286a13268f54d96	413	890	1314	152
METHOD_EXIT	io.netty.util.concurrent.NonStickyEventExecutorGroup#submit(Callable<T>):Future<T>	74c2e73a4c951d605af5	455	949	1415	224
METHOD_EXIT	io.netty.util.concurrent.NonStickyEventExecutorGroup#awaitTermination(long,TimeUnit):boolean	5606d9924d826857b5f9	455	956	1422	282
METHOD_ENTRY	io.netty.util.concurrent.NonStickyEventExecutorGroup#isTerminated():boolean	5bb5faa525da0c8f95e8	413	858	1282	294
METHOD_EXIT	io.netty.util.concurrent.NonStickyEventExecutorGroup#isTerminated():boolean	20860677c86e481094d6	455	932	1398	154
METHOD_EXIT	io.netty.util.concurrent.NonStickyEventExecutorGroup#invokeAll(Collection<? extends Callable<T>>):List<java.util.concurrent.Future<T>>	51a1d3d09a6c8158d17e	455	977	1443	273
METHOD_ENTRY	io.netty.util.concurrent.NonStickyEventExecutorGroup#awaitTermination(long,TimeUnit):boolean	d3359c3ce2028fe9bc19	413	879	1303	186
METHOD_ENTRY	io.netty.util.concurrent.NonStickyEventExecutorGroup#invokeAll(Collection<? extends Callable<T>>):List<java.util.concurrent.Future<T>>	11e1c4071dc5b30d27be	413	895	1319	233
METHOD_EXIT	io.netty.util.concurrent.NonStickyEventExecutorGroup#invokeAll(Collection<? extends Callable<T>>,long,TimeUnit):List<java.util.concurrent.Future<T>>	53adb2c7861c7cdcf93c	455	1003	1469	236
METHOD_ENTRY	io.netty.util.concurrent.NonStickyEventExecutorGroup#invokeAny(Collection<? extends Callable<T>>):T	8bfc5ab62c1e397b0bf8	413	884	1308	221
METHOD_EXIT	io.netty.util.concurrent.NonStickyEventExecutorGroup#invokeAny(Collection<? extends Callable<T>>):T	4e58e34472d467ff235e	455	961	1427	297
METHOD_EXIT	io.netty.util.concurrent.NonStickyEventExecutorGroup#invokeAny(Collection<? extends Callable<T>>,long,TimeUnit):T	fa4c84c71127cef8f339	455	991	1457	282
METHOD_ENTRY	io.netty.util.concurrent.NonStickyEventExecutorGroup#invokeAny(Collection<? extends Callable<T>>,long,TimeUnit):T	45cfaea2483003c693b1	413	914	1338	156
METHOD_EXIT	io.netty.util.concurrent.NonStickyEventExecutorGroup#execute(Runnable):void	3c8880dc21ae87f8476b	455	870	1336	156
METHOD_ENTRY	io.netty.util.concurrent.NonStickyEventExecutorGroup#execute(Runnable):void	e56faf737ad4f02f849c	413	859	1283	167
METHOD_ENTRY	io.netty.util.concurrent.NonStickyEventExecutorGroup#invokeAll(Collection<? extends Callable<T>>,long,TimeUnit):List<java.util.concurrent.Future<T>>	50d2816ba8f647408a9a	413	921	1345	183
METHOD_ENTRY	io.netty.util.concurrent.NonStickyEventExecutorGroup#run():void	5d41d932409ec519cfec	413	1433	1857	274
METHOD_ENTRY	io.netty.util.concurrent.NonStickyEventExecutorGroup#inEventLoop(Thread):boolean	8a99554ab2589ac2468d	413	865	1289	308
METHOD_EXIT	io.netty.util.concurrent.NonStickyEventExecutorGroup#run():void	c3a7f9fbf32f2b0f1e46	455	1444	1910	285
METHOD_EXIT	io.netty.util.concurrent.NonStickyEventExecutorGroup#isShuttingDown():boolean	084c91ef43d17f26bca8	455	935	1401	54
METHOD_EXIT	io.netty.util.concurrent.NonStickyEventExecutorGroup#inEventLoop(Thread):boolean	34ece87830322d49fb2c	455	942	1408	263
METHOD_ENTRY	io.netty.util.concurrent.NonStickyEventExecutorGroup#isShuttingDown():boolean	64a3e269375110e442b6	413	861	1285	424
METHOD_ENTRY	io.netty.util.concurrent.NonStickyEventExecutorGroup#shutdownGracefully(long,long,TimeUnit):Future<?>	9d320ec65cd86b625779	413	896	1320	212
METHOD_ENTRY	io.netty.util.concurrent.NonStickyEventExecutorGroup#terminationFuture():Future<?>	dea721af9059258e6710	413	858	1282	208
METHOD_EXIT	io.netty.util.concurrent.NonStickyEventExecutorGroup#terminationFuture():Future<?>	8000b1ece24e0450d253	455	933	1399	210
METHOD_ENTRY	io.netty.util.concurrent.NonStickyEventExecutorGroup#shutdown():void	86ba65873dd171eb530f	413	859	1283	218
METHOD_ENTRY	io.netty.util.concurrent.NonStickyEventExecutorGroup#isShutdown():boolean	850f8b0568c84958ab36	413	855	1279	246
METHOD_EXIT	io.netty.util.concurrent.NonStickyEventExecutorGroup#shutdown():void	9bc9110702874e80fdae	455	870	1336	277
METHOD_EXIT	io.netty.util.concurrent.NonStickyEventExecutorGroup#isShutdown():boolean	1add33b1c587e90f4d0f	455	929	1395	214
METHOD_ENTRY	io.netty.util.concurrent.NonStickyEventExecutorGroup#isTerminated():boolean	5bb5faa525da0c8f95e8	413	858	1282	294
METHOD_EXIT	io.netty.util.concurrent.NonStickyEventExecutorGroup#shutdownGracefully(long,long,TimeUnit):Future<?>	7498036399a02b826af2	455	974	1440	256
METHOD_EXIT	io.netty.util.concurrent.NonStickyEventExecutorGroup#isTerminated():boolean	20860677c86e481094d6	455	932	1398	154
METHOD_EXIT	io.netty.util.concurrent.NonStickyEventExecutorGroup#awaitTermination(long,TimeUnit):boolean	5606d9924d826857b5f9	455	956	1422	282
METHOD_ENTRY	io.netty.util.concurrent.NonStickyEventExecutorGroup#awaitTermination(long,TimeUnit):boolean	d3359c3ce2028fe9bc19	413	879	1303	186
METHOD_ENTRY	io.netty.util.concurrent.NonStickyOrderedEventExecutor#run():void	d9a20d07ecf607d5201b	413	965	1389	210
METHOD_ENTRY	io.netty.util.concurrent.NonStickyEventExecutorGroup#execute(Runnable):void	e56faf737ad4f02f849c	413	859	1283	167
METHOD_EXIT	io.netty.util.concurrent.NonStickyEventExecutorGroup#execute(Runnable):void	3c8880dc21ae87f8476b	455	870	1336	156
METHOD_EXIT	io.netty.util.concurrent.NonStickyOrderedEventExecutor#run():void	bc5e8a9f1fbe56ac2687	455	976	1442	343
METHOD_ENTRY	io.netty.util.concurrent.NonStickyOrderedEventExecutor#isShuttingDown():boolean	6f55e36fb52c2d8e5ea9	413	393	817	92
METHOD_EXIT	io.netty.util.concurrent.NonStickyOrderedEventExecutor#isShuttingDown():boolean	1411308d322620d6c879	455	467	933	120
METHOD_EXIT	io.netty.util.concurrent.NonStickyOrderedEventExecutor#shutdownGracefully(long,long,TimeUnit):Future<?>	15abcc9d9bd252b31d91	455	506	972	209
METHOD_ENTRY	io.netty.util.concurrent.NonStickyOrderedEventExecutor#terminationFuture():Future<?>	998834c1937eee609c51	413	390	814	122
METHOD_ENTRY	io.netty.util.concurrent.NonStickyOrderedEventExecutor#shutdownGracefully(long,long,TimeUnit):Future<?>	58d851fb775a2b47fb9c	413	428	852	221
METHOD_ENTRY	io.netty.util.concurrent.NonStickyOrderedEventExecutor#inEventLoop(Thread):boolean	3e48886fb1d3bf43149c	413	397	821	253
METHOD_EXIT	io.netty.util.concurrent.NonStickyOrderedEventExecutor#inEventLoop(Thread):boolean	3d0dd629af0be597f3d1	455	474	940	286
METHOD_ENTRY	io.netty.util.concurrent.NonStickyOrderedEventExecutor#shutdown():void	feb8e420af9cbc103b8b	413	391	815	5
METHOD_EXIT	io.netty.util.concurrent.NonStickyOrderedEventExecutor#shutdown():void	0cf73a78fdbe1967c807	455	402	868	107
METHOD_ENTRY	io.netty.util.concurrent.NonStickyOrderedEventExecutor#isShutdown():boolean	0ffbbe2bc4d48e54eb21	413	387	811	165
METHOD_EXIT	io.netty.util.concurrent.NonStickyOrderedEventExecutor#isShutdown():boolean	cffb468c54df47bab438	455	461	927	90
METHOD_ENTRY	io.netty.util.concurrent.NonStickyOrderedEventExecutor#isTerminated():boolean	d626bb0b2a9691a53b2c	413	390	814	243
METHOD_ENTRY	io.netty.util.concurrent.DefaultThreadFactory#toPoolName(Class<?>):String	afaca3fefc39fe7e94dc	413	620	1044	256
METHOD_EXIT	io.netty.util.concurrent.NonStickyOrderedEventExecutor#terminationFuture():Future<?>	c846118706ffdff1a021	455	465	931	157
METHOD_EXIT	io.netty.util.concurrent.NonStickyOrderedEventExecutor#awaitTermination(long,TimeUnit):boolean	9c75085fab3a11b2b51e	455	488	954	217
METHOD_ENTRY	io.netty.util.concurrent.NonStickyOrderedEventExecutor#execute(Runnable):void	8e56cbf39b31b9121dcb	413	391	815	87
METHOD_EXIT	io.netty.util.concurrent.DefaultThreadFactory#toPoolName(Class<?>):String	6946c71ed0ff27c3c432	455	697	1163	527
METHOD_EXIT	io.netty.util.concurrent.NonStickyOrderedEventExecutor#execute(Runnable):void	b1edade0e3663ac99ee7	455	402	868	81
METHOD_ENTRY	io.netty.util.concurrent.FailedFuture#cause():Throwable	d2234f426ad9d7875c0d	413	484	908	274
METHOD_ENTRY	io.netty.util.concurrent.DefaultThreadFactory#newThread(Runnable):Thread	ac96e74e6ad4914e0a61	413	583	1007	232
METHOD_ENTRY	io.netty.util.concurrent.NonStickyOrderedEventExecutor#awaitTermination(long,TimeUnit):boolean	955478d2a51e9a4aa2ed	413	411	835	242
METHOD_EXIT	io.netty.util.concurrent.FailedFuture#cause():Throwable	43036eb00b3264fc5344	455	558	1024	208
METHOD_EXIT	io.netty.util.concurrent.DefaultThreadFactory#newThread(Runnable):Thread	d6e48b9a217380967ceb	455	660	1126	245
METHOD_ENTRY	io.netty.util.concurrent.DefaultThreadFactory#newThread(Runnable,String):Thread	732a1d12036b9c818c9f	413	515	939	248
METHOD_EXIT	io.netty.util.concurrent.DefaultThreadFactory#newThread(Runnable,String):Thread	24bf60dd16ff8d1c23c6	455	592	1058	262
METHOD_ENTRY	io.netty.util.concurrent.FailedFuture#isSuccess():boolean	6711e22fa4b9ef0ad2d8	413	486	910	231
METHOD_EXIT	io.netty.util.concurrent.FailedFuture#isSuccess():boolean	a09c91c3d601125b97c1	455	560	1026	48
METHOD_EXIT	io.netty.util.concurrent.FailedFuture#sync():Future<V>	821268e9d8ccce0875ce	455	571	1037	235
METHOD_ENTRY	io.netty.util.concurrent.FailedFuture#syncUninterruptibly():Future<V>	08bfc8935338be0c6ceb	413	502	926	233
METHOD_EXIT	io.netty.util.concurrent.FailedFuture#syncUninterruptibly():Future<V>	5ddd5f44b2449a8f83e2	455	577	1043	233
METHOD_ENTRY	io.netty.util.concurrent.FailedFuture#getNow():V	5da1892b97ceaf5e32f2	413	485	909	258
METHOD_EXIT	io.netty.util.concurrent.NonStickyOrderedEventExecutor#isTerminated():boolean	ce45b31d1c523411ddee	455	464	930	104
METHOD_EXIT	io.netty.util.concurrent.FailedFuture#getNow():V	9e419123d23ff5479b4f	455	559	1025	158
METHOD_ENTRY	io.netty.util.concurrent.FailedFuture#sync():Future<V>	65f2d613bce0f23fbd2f	413	496	920	186
METHOD_ENTRY	io.netty.util.concurrent.EventExecutor#isExecutorThread(Thread):boolean	8ed5919f96eabcd0bdfe	413	1013	1437	272
METHOD_EXIT	io.netty.util.concurrent.EventExecutor#isExecutorThread(Thread):boolean	901cd03c6641832243b9	455	1090	1556	269
METHOD_ENTRY	io.netty.util.concurrent.EventExecutor#inEventLoop():boolean	131fe031ad2940bf2bdc	413	1007	1431	201
METHOD_ENTRY	io.netty.util.concurrent.EventExecutor#newPromise():Promise<V>	3b279e847badbd106595	413	1011	1435	278
METHOD_ENTRY	io.netty.util.concurrent.EventExecutor#newSucceededFuture(V):Future<V>	45094d9a1f688bf18a2e	413	1082	1506	49
METHOD_ENTRY	io.netty.util.concurrent.EventExecutor#newProgressivePromise():ProgressivePromise<V>	f1d432d9f3cae16bafbb	413	1020	1444	298
METHOD_EXIT	io.netty.util.concurrent.EventExecutor#newSucceededFuture(V):Future<V>	ae659298a941a885e36d	455	1094	1560	232
METHOD_EXIT	io.netty.util.concurrent.EventExecutor#newPromise():Promise<V>	2fe5fd335e0f8c74f3c1	455	1086	1552	219
METHOD_EXIT	io.netty.util.concurrent.EventExecutor#newFailedFuture(Throwable):Future<V>	abe36d3481be1351138a	455	1098	1564	262
METHOD_ENTRY	io.netty.util.concurrent.EventExecutor#newFailedFuture(Throwable):Future<V>	991dc5437e35bb2f603d	413	1020	1444	236
METHOD_ENTRY	io.netty.util.concurrent.EventExecutor#isSuspended():boolean	33062db2cd114bf062f0	413	1002	1426	243
METHOD_EXIT	io.netty.util.concurrent.EventExecutor#newProgressivePromise():ProgressivePromise<V>	aa6e4ed2feb1938ec1ec	455	1096	1562	276
METHOD_EXIT	io.netty.util.concurrent.EventExecutor#isSuspended():boolean	69cf00da58f25d704e6e	455	1076	1542	51
METHOD_ENTRY	io.netty.util.concurrent.EventExecutor#trySuspend():boolean	6d55e1a7bfae09a55050	413	1000	1424	193
METHOD_EXIT	io.netty.util.concurrent.EventExecutor#inEventLoop():boolean	f46adef1401e00914c50	455	1081	1547	210
METHOD_EXIT	io.netty.util.concurrent.EventExecutor#trySuspend():boolean	29fb114a79b6ae446bf2	455	1074	1540	62
METHOD_ENTRY	io.netty.util.concurrent.ConcurrentSkipListIntObjMultimap#getKey():int	06795cb62bb105077a3b	413	3824	4248	97
METHOD_ENTRY	io.netty.util.concurrent.ConcurrentSkipListIntObjMultimap#getValue():V	f4bb50292598716ce6b2	413	3824	4248	61
METHOD_EXIT	io.netty.util.concurrent.ConcurrentSkipListIntObjMultimap#equals(Object):boolean	0e774295b7b0a96114bd	455	3948	4414	345
METHOD_EXIT	io.netty.util.concurrent.ConcurrentSkipListIntObjMultimap#getKey():int	467357494a8c18c271e2	455	3898	4364	71
METHOD_ENTRY	io.netty.util.concurrent.ConcurrentSkipListIntObjMultimap#equals(Object):boolean	6934e340e8f2efea4fb4	413	3871	4295	290
METHOD_EXIT	io.netty.util.concurrent.ConcurrentSkipListIntObjMultimap#hashCode():int	312f0349976b3431c31d	455	3921	4387	314
METHOD_ENTRY	io.netty.util.concurrent.ConcurrentSkipListIntObjMultimap#compareTo(IntEntry<V>):int	c4e25f22566e221ebe39	413	3845	4269	202
METHOD_ENTRY	io.netty.util.concurrent.ConcurrentSkipListIntObjMultimap#toString():String	a4d4ab1f731425122473	413	3841	4265	254
METHOD_EXIT	io.netty.util.concurrent.ConcurrentSkipListIntObjMultimap#toString():String	fd27086a01cd4d3ff9cd	455	3915	4381	232
METHOD_EXIT	io.netty.util.concurrent.ConcurrentSkipListIntObjMultimap#getValue():V	402346be55ba7ca7d0bb	455	3898	4364	190
METHOD_EXIT	io.netty.util.concurrent.ConcurrentSkipListIntObjMultimap#compareTo(IntEntry<V>):int	7712392885820425df49	455	3922	4388	256
METHOD_ENTRY	io.netty.util.concurrent.ConcurrentSkipListIntObjMultimap#cpr(int,int):int	c16bc6ee7b23bee630e3	413	3843	4267	230
METHOD_ENTRY	io.netty.util.concurrent.ConcurrentSkipListIntObjMultimap#hashCode():int	42753de76f1b6a6cf0ef	413	3847	4271	212
METHOD_ENTRY	io.netty.util.concurrent.ConcurrentSkipListIntObjMultimap#baseHead():Node<V>	4e515e84ecd169c55bd0	413	3850	4274	99
METHOD_EXIT	io.netty.util.concurrent.ConcurrentSkipListIntObjMultimap#baseHead():Node<V>	a8791c7be2ce79de2850	455	3925	4391	169
METHOD_ENTRY	io.netty.util.concurrent.ConcurrentSkipListIntObjMultimap#unlinkNode(Node<V>,Node<V>,int):void	cd0b976af5af69e39a4a	413	3971	4395	258
METHOD_EXIT	io.netty.util.concurrent.ConcurrentSkipListIntObjMultimap#cpr(int,int):int	ba65ec100960238d5f3e	455	3920	4386	257
METHOD_ENTRY	io.netty.util.concurrent.ConcurrentSkipListIntObjMultimap#getAdderCount():long	8cae5a4b08a91161eaf6	413	3851	4275	251
METHOD_ENTRY	io.netty.util.concurrent.ConcurrentSkipListIntObjMultimap#addCount(long):void	936bd4389d857c8fd99f	413	3832	4256	155
METHOD_EXIT	io.netty.util.concurrent.ConcurrentSkipListIntObjMultimap#addCount(long):void	e126d1e5346fefa0ea69	455	3843	4309	66
METHOD_EXIT	io.netty.util.concurrent.ConcurrentSkipListIntObjMultimap#unlinkNode(Node<V>,Node<V>,int):void	4cb36672b2d7e8f51a47	455	3982	4448	405
METHOD_ENTRY	io.netty.util.concurrent.ConcurrentSkipListIntObjMultimap#findPredecessor(int):Node<V>	ea80ac050dce64c9b82f	413	4012	4436	329
METHOD_EXIT	io.netty.util.concurrent.ConcurrentSkipListIntObjMultimap#findPredecessor(int):Node<V>	683c1340598cd5b7a0da	455	4090	4556	293
METHOD_ENTRY	io.netty.util.concurrent.ConcurrentSkipListIntObjMultimap#findNode(int):Node<V>	1e08f81d85493b7e2ad7	413	4019	4443	224
METHOD_EXIT	io.netty.util.concurrent.ConcurrentSkipListIntObjMultimap#findNode(int):Node<V>	a6d4962f097fe46aa40f	455	4097	4563	295
METHOD_EXIT	io.netty.util.concurrent.ConcurrentSkipListIntObjMultimap#getAdderCount():long	51f94189da7430bf0ec3	455	3925	4391	286
METHOD_ENTRY	io.netty.util.concurrent.ConcurrentSkipListIntObjMultimap#doGet(int):V	bd4e2646f6a10bf199db	413	4154	4578	101
METHOD_EXIT	io.netty.util.concurrent.ConcurrentSkipListIntObjMultimap#doGet(int):V	52e27564dd75c4ebe4e1	455	4231	4697	303
METHOD_ENTRY	io.netty.util.concurrent.ConcurrentSkipListIntObjMultimap#addIndices(Index<V>,int,Index<V>,int):boolean	870299aa2f5dbce1b92d	413	4193	4617	274
METHOD_EXIT	io.netty.util.concurrent.ConcurrentSkipListIntObjMultimap#doPut(int,V,boolean):V	642d7fd4540a11c531a0	455	4750	5216	331
METHOD_ENTRY	io.netty.util.concurrent.ConcurrentSkipListIntObjMultimap#doRemove(int,Object):V	dfee8bbe287b95ab3a52	413	4101	4525	255
METHOD_EXIT	io.netty.util.concurrent.ConcurrentSkipListIntObjMultimap#addIndices(Index<V>,int,Index<V>,int):boolean	98486190227110eb70c2	455	4270	4736	346
METHOD_ENTRY	io.netty.util.concurrent.ConcurrentSkipListIntObjMultimap#tryReduceLevel():void	42292abd0fd345963d52	413	3922	4346	288
METHOD_EXIT	io.netty.util.concurrent.ConcurrentSkipListIntObjMultimap#tryReduceLevel():void	45ac001a3c074097a381	455	3933	4399	320
METHOD_EXIT	io.netty.util.concurrent.ConcurrentSkipListIntObjMultimap#doRemove(int,Object):V	5bb7efca783fddaf4be9	455	4178	4644	352
METHOD_ENTRY	io.netty.util.concurrent.ConcurrentSkipListIntObjMultimap#doPut(int,V,boolean):V	2e5785ac4ad50149240e	413	4673	5097	287
METHOD_ENTRY	io.netty.util.concurrent.ConcurrentSkipListIntObjMultimap#findFirst():Node<V>	2f64bd5eb9490116391e	413	3894	4318	303
METHOD_EXIT	io.netty.util.concurrent.ConcurrentSkipListIntObjMultimap#findFirst():Node<V>	5399651148fb03d874e3	455	3969	4435	356
METHOD_ENTRY	io.netty.util.concurrent.ConcurrentSkipListIntObjMultimap#findFirstEntry():IntEntry<V>	d15c565b83aab0ad9346	413	3912	4336	259
METHOD_ENTRY	io.netty.util.concurrent.ConcurrentSkipListIntObjMultimap#doRemoveFirstEntry():IntEntry<V>	19870ba7780892f1861d	413	3958	4382	296
METHOD_EXIT	io.netty.util.concurrent.ConcurrentSkipListIntObjMultimap#doRemoveFirstEntry():IntEntry<V>	f0697f71c288ab22b338	455	4034	4500	334
METHOD_ENTRY	io.netty.util.concurrent.ConcurrentSkipListIntObjMultimap#findLast():Node<V>	20c2bc8b71d8015385d5	413	4082	4506	254
METHOD_EXIT	io.netty.util.concurrent.ConcurrentSkipListIntObjMultimap#findFirstEntry():IntEntry<V>	597c6fbf0274fdeda423	455	3988	4454	287
METHOD_ENTRY	io.netty.util.concurrent.ConcurrentSkipListIntObjMultimap#findLastEntry():IntEntry<V>	ec28b885433af4be42da	413	3888	4312	102
METHOD_EXIT	io.netty.util.concurrent.ConcurrentSkipListIntObjMultimap#findLastEntry():IntEntry<V>	29dd70c21371f376ea48	455	3964	4430	330
METHOD_ENTRY	io.netty.util.concurrent.ConcurrentSkipListIntObjMultimap#findNearEntry(int,int):IntEntry<V>	2b7af5202537663a69a0	413	3905	4329	309
METHOD_EXIT	io.netty.util.concurrent.ConcurrentSkipListIntObjMultimap#doRemoveLastEntry():IntEntry<V>	4f3b184928d66d8109c3	455	4265	4731	327
METHOD_ENTRY	io.netty.util.concurrent.ConcurrentSkipListIntObjMultimap#doRemoveLastEntry():IntEntry<V>	944297893918d241a522	413	4189	4613	309
METHOD_EXIT	io.netty.util.concurrent.ConcurrentSkipListIntObjMultimap#findNearEntry(int,int):IntEntry<V>	4de9de22f750ad873e33	455	3984	4450	311
METHOD_EXIT	io.netty.util.concurrent.ConcurrentSkipListIntObjMultimap#findLast():Node<V>	33700f8f0085e7a9dfd9	455	4157	4623	308
METHOD_EXIT	io.netty.util.concurrent.ConcurrentSkipListIntObjMultimap#findNear(int,int):Node<V>	b95cd8356981e4104023	455	4184	4650	307
METHOD_ENTRY	io.netty.util.concurrent.ConcurrentSkipListIntObjMultimap#containsKey(int):boolean	094c8bf103dd42be47fb	413	3835	4259	260
METHOD_ENTRY	io.netty.util.concurrent.ConcurrentSkipListIntObjMultimap#findNear(int,int):Node<V>	08b47b70d7b054545198	413	4106	4530	280
METHOD_ENTRY	io.netty.util.concurrent.ConcurrentSkipListIntObjMultimap#getOrDefault(int,V):V	4c8656a51787d5623c27	413	3859	4283	213
METHOD_EXIT	io.netty.util.concurrent.ConcurrentSkipListIntObjMultimap#containsKey(int):boolean	220984d0aa3491c77094	455	3912	4378	182
METHOD_ENTRY	io.netty.util.concurrent.ConcurrentSkipListIntObjMultimap#get(int):V	33c1bcbe5c48d6c51b2e	413	3829	4253	128
METHOD_ENTRY	io.netty.util.concurrent.ConcurrentSkipListIntObjMultimap#put(int,V):void	3729ee2d7d5681094ca0	413	3848	4272	122
METHOD_EXIT	io.netty.util.concurrent.ConcurrentSkipListIntObjMultimap#put(int,V):void	0dc571d1d4e1f85ff639	455	3859	4325	152
METHOD_EXIT	io.netty.util.concurrent.ConcurrentSkipListIntObjMultimap#get(int):V	d7f1baf44ee322bc52bb	455	3906	4372	268
METHOD_EXIT	io.netty.util.concurrent.ConcurrentSkipListIntObjMultimap#remove(int):V	5a2e0accb751971fab18	455	3909	4375	325
METHOD_EXIT	io.netty.util.concurrent.ConcurrentSkipListIntObjMultimap#containsValue(Object):boolean	24775f22451d3022497d	455	3983	4449	247
METHOD_ENTRY	io.netty.util.concurrent.ConcurrentSkipListIntObjMultimap#containsValue(Object):boolean	1c7dfc6f6fe256a7bf0b	413	3906	4330	141
METHOD_ENTRY	io.netty.util.concurrent.ConcurrentSkipListIntObjMultimap#size():int	4135bb641837ec260700	413	3857	4281	244
METHOD_EXIT	io.netty.util.concurrent.ConcurrentSkipListIntObjMultimap#size():int	9ab75237af85107cb035	455	3931	4397	314
METHOD_EXIT	io.netty.util.concurrent.ConcurrentSkipListIntObjMultimap#getOrDefault(int,V):V	02a6df827e5448a38b6c	455	3936	4402	277
METHOD_ENTRY	io.netty.util.concurrent.ConcurrentSkipListIntObjMultimap#remove(int):V	2b165ef6280c1bebd55c	413	3832	4256	243
METHOD_EXIT	io.netty.util.concurrent.ConcurrentSkipListIntObjMultimap#isEmpty():boolean	23338b1b544706dc0d5c	455	3903	4369	149
METHOD_ENTRY	io.netty.util.concurrent.ConcurrentSkipListIntObjMultimap#clear():void	7caf0d11cf0cecaaa7fa	413	4043	4467	254
METHOD_EXIT	io.netty.util.concurrent.ConcurrentSkipListIntObjMultimap#clear():void	8a97ea3c32f9450aa482	455	4054	4520	282
METHOD_EXIT	io.netty.util.concurrent.ConcurrentSkipListIntObjMultimap#remove(int,Object):boolean	3fefa34f288e1732f185	455	3943	4409	262
METHOD_ENTRY	io.netty.util.concurrent.ConcurrentSkipListIntObjMultimap#remove(int,Object):boolean	8d7c6447d320d604650d	413	3866	4290	229
METHOD_ENTRY	io.netty.util.concurrent.ConcurrentSkipListIntObjMultimap#isEmpty():boolean	76b4a087d0f7693e7fb4	413	3829	4253	127
METHOD_ENTRY	io.netty.util.concurrent.ConcurrentSkipListIntObjMultimap#firstKey():int	78d5967e0d4bc2f89125	413	3850	4274	318
METHOD_ENTRY	io.netty.util.concurrent.ConcurrentSkipListIntObjMultimap#lastKey():int	08310464c6a564a86be8	413	3850	4274	232
METHOD_EXIT	io.netty.util.concurrent.ConcurrentSkipListIntObjMultimap#firstKey():int	130beb95bad5cac7a3eb	455	3924	4390	165
METHOD_ENTRY	io.netty.util.concurrent.ConcurrentSkipListIntObjMultimap#replace(int,V,V):boolean	081d75ba959138c58227	413	3962	4386	251
METHOD_EXIT	io.netty.util.concurrent.ConcurrentSkipListIntObjMultimap#lastKey():int	165fde4c433e6b8b6ac5	455	3924	4390	318
METHOD_ENTRY	io.netty.util.concurrent.ConcurrentSkipListIntObjMultimap#lowerEntry(int):IntEntry<V>	cd56def7df46767a5e1c	413	3841	4265	262
METHOD_EXIT	io.netty.util.concurrent.ConcurrentSkipListIntObjMultimap#replace(int,V,V):boolean	1cb3d69640252755ab1d	455	4039	4505	317
METHOD_ENTRY	io.netty.util.concurrent.ConcurrentSkipListIntObjMultimap#lowerKey(int):int	15d3e13fe2c0f1253b80	413	3850	4274	159
METHOD_EXIT	io.netty.util.concurrent.ConcurrentSkipListIntObjMultimap#lowerKey(int):int	9709239e833e25dd14ce	455	3927	4393	247
METHOD_ENTRY	io.netty.util.concurrent.ConcurrentSkipListIntObjMultimap#floorEntry(int):IntEntry<V>	7e44537da6f74452f215	413	3843	4267	63
METHOD_ENTRY	io.netty.util.concurrent.ConcurrentSkipListIntObjMultimap#floorKey(int):int	65e03bd6c4149d880b59	413	3852	4276	179
METHOD_EXIT	io.netty.util.concurrent.ConcurrentSkipListIntObjMultimap#floorKey(int):int	f672b741317920a5c204	455	3929	4395	344
METHOD_EXIT	io.netty.util.concurrent.ConcurrentSkipListIntObjMultimap#lowerEntry(int):IntEntry<V>	a1996666559a2f8fc055	455	3920	4386	284
METHOD_EXIT	io.netty.util.concurrent.ConcurrentSkipListIntObjMultimap#ceilingEntry(int):IntEntry<V>	76ed84689cfd2fa36a92	455	3923	4389	331
METHOD_EXIT	io.netty.util.concurrent.ConcurrentSkipListIntObjMultimap#ceilingKey(int):int	ca2b09524e2f00386edc	455	3930	4396	288
METHOD_ENTRY	io.netty.util.concurrent.ConcurrentSkipListIntObjMultimap#ceilingKey(int):int	665f5f7742edf4aa740d	413	3853	4277	198
METHOD_ENTRY	io.netty.util.concurrent.ConcurrentSkipListIntObjMultimap#higherEntry(int):IntEntry<V>	f25e8c3db0b9437e2d00	413	3841	4265	274
METHOD_EXIT	io.netty.util.concurrent.ConcurrentSkipListIntObjMultimap#floorEntry(int):IntEntry<V>	780823e6f379a72574cb	455	3922	4388	354
METHOD_EXIT	io.netty.util.concurrent.ConcurrentSkipListIntObjMultimap#higherEntry(int):IntEntry<V>	3e78b5919a77d0cc3a07	455	3920	4386	334
METHOD_ENTRY	io.netty.util.concurrent.ConcurrentSkipListIntObjMultimap#ceilingEntry(int):IntEntry<V>	8fd2d78a9bd490eda73e	413	3844	4268	270
METHOD_EXIT	io.netty.util.concurrent.ConcurrentSkipListIntObjMultimap#higherKey(int):int	469b1ef2579f9119f368	455	3927	4393	299
METHOD_ENTRY	io.netty.util.concurrent.ConcurrentSkipListIntObjMultimap#pollFirstEntry():IntEntry<V>	cfe707b13adbfe6cddcf	413	3836	4260	257
METHOD_ENTRY	io.netty.util.concurrent.ConcurrentSkipListIntObjMultimap#firstEntry():IntEntry<V>	b97d311e253158bc7f12	413	3833	4257	282
METHOD_ENTRY	io.netty.util.concurrent.ConcurrentSkipListIntObjMultimap#lastEntry():IntEntry<V>	c7fc59b23268f2e4be0f	413	3833	4257	54
METHOD_EXIT	io.netty.util.concurrent.ConcurrentSkipListIntObjMultimap#firstEntry():IntEntry<V>	fa33851dc1776a07cc16	455	3909	4375	354
METHOD_ENTRY	io.netty.util.concurrent.ConcurrentSkipListIntObjMultimap#higherKey(int):int	8766d3be657f6aa464f3	413	3850	4274	67
METHOD_ENTRY	io.netty.util.concurrent.ConcurrentSkipListIntObjMultimap#pollLastEntry():IntEntry<V>	34e325ad240d56bbddd2	413	3836	4260	276
METHOD_EXIT	io.netty.util.concurrent.ConcurrentSkipListIntObjMultimap#pollLastEntry():IntEntry<V>	be92dbdb317bde3e9fa6	455	3912	4378	299
METHOD_EXIT	io.netty.util.concurrent.ConcurrentSkipListIntObjMultimap#pollCeilingEntry(int):IntEntry<V>	2d8a5b433568c52bfae0	455	3991	4457	324
METHOD_EXIT	io.netty.util.concurrent.ConcurrentSkipListIntObjMultimap#lastEntry():IntEntry<V>	6e4a886add99eb476c4f	455	3909	4375	307
METHOD_EXIT	io.netty.util.concurrent.ConcurrentSkipListIntObjMultimap#pollFirstEntry():IntEntry<V>	2f45b619938bc4c6b19c	455	3912	4378	264
METHOD_ENTRY	io.netty.util.concurrent.ConcurrentSkipListIntObjMultimap#pollCeilingEntry(int):IntEntry<V>	f4baf4c2d8311908562b	413	3912	4336	248
METHOD_ENTRY	io.netty.util.concurrent.ConcurrentSkipListIntObjMultimap#hasNext():boolean	53a552b0182b718a2e43	413	3831	4255	240
METHOD_ENTRY	io.netty.util.concurrent.ConcurrentSkipListIntObjMultimap#advance(Node<V>):void	a58b6608840d798c0c27	413	3895	4319	300
METHOD_EXIT	io.netty.util.concurrent.ConcurrentSkipListIntObjMultimap#advance(Node<V>):void	2647886c76c7aed927f2	455	3906	4372	329
METHOD_ENTRY	io.netty.util.concurrent.ConcurrentSkipListIntObjMultimap#remove():void	9275063f62d62640d4a7	413	3918	4342	82
METHOD_EXIT	io.netty.util.concurrent.ConcurrentSkipListIntObjMultimap#hasNext():boolean	78169a39d09996721992	455	3905	4371	157
METHOD_EXIT	io.netty.util.concurrent.ConcurrentSkipListIntObjMultimap#next():IntEntry<V>	98d8657058ee543fa530	455	3960	4426	287
METHOD_ENTRY	io.netty.util.concurrent.ConcurrentSkipListIntObjMultimap#iterator():Iterator<IntEntry<V>>	169b0c077e6feff3cfba	413	3836	4260	239
METHOD_EXIT	io.netty.util.concurrent.ConcurrentSkipListIntObjMultimap#iterator():Iterator<IntEntry<V>>	a995f4a78d0ec383da6b	455	3913	4379	252
METHOD_ENTRY	io.netty.util.concurrent.ConcurrentSkipListIntObjMultimap#forEach(BiConsumer<Integer, ? super V>):void	c8332b3adfbf398ced2e	413	3919	4343	96
METHOD_EXIT	io.netty.util.concurrent.ConcurrentSkipListIntObjMultimap#forEach(BiConsumer<Integer, ? super V>):void	6e956d874a3504a50be0	455	3930	4396	250
METHOD_EXIT	io.netty.util.concurrent.ConcurrentSkipListIntObjMultimap#remove():void	531fc58720a765678f00	455	3929	4395	342
METHOD_ENTRY	io.netty.util.concurrent.ConcurrentSkipListIntObjMultimap#next():IntEntry<V>	f90df8d69c6437ddaa2c	413	3884	4308	62
METHOD_EXIT	io.netty.util.concurrent.ConcurrentSkipListIntObjMultimap#replaceAll(BiFunction<Integer, ? super V, ? extends V>):void	3eb4fd6ffca762bcc4cc	455	3970	4436	171
METHOD_ENTRY	io.netty.util.concurrent.ConcurrentSkipListIntObjMultimap#cls(Class<?>):Class<T>	f5cd0fb4d981abb36f79	413	3849	4273	245
METHOD_EXIT	io.netty.util.concurrent.ConcurrentSkipListIntObjMultimap#cls(Class<?>):Class<T>	652bd1ec0f40db4e7dfd	455	3927	4393	315
METHOD_ENTRY	io.netty.util.concurrent.IntEntry#getKey():int	7af604c239885cb32dfc	413	378	802	57
METHOD_ENTRY	io.netty.util.concurrent.ConcurrentSkipListIntObjMultimap#replaceAll(BiFunction<Integer, ? super V, ? extends V>):void	7e542f082473a44e77a4	413	3959	4383	174
METHOD_EXIT	io.netty.util.concurrent.ConcurrentSkipListIntObjMultimap#acquireFence():void	7638c1088f4165dca215	455	3875	4341	80
METHOD_ENTRY	io.netty.util.concurrent.ConcurrentSkipListIntObjMultimap#acquireFence():void	20166a446f40a3c1b70c	413	3864	4288	53
METHOD_EXIT	io.netty.util.concurrent.IntEntry#getKey():int	c6a9728d209f929d26ab	455	452	918	135
METHOD_ENTRY	io.netty.util.concurrent.IntEntry#getValue():V	019762f36b0d92faa0a0	413	378	802	78
METHOD_EXIT	io.netty.util.concurrent.ConcurrentSkipListIntObjMultimap#acquireFenceFallback():void	cc42acfd98086e3c1ff1	455	3905	4371	190
METHOD_ENTRY	io.netty.util.concurrent.IntEntry#hashCode():int	7ca7c736a06aa1f6bc5f	413	401	825	57
METHOD_EXIT	io.netty.util.concurrent.IntEntry#getValue():V	c3ba65f5e5ecd783ca35	455	452	918	77
METHOD_EXIT	io.netty.util.concurrent.IntEntry#equals(Object):boolean	44f6b2270b28218305e8	455	502	968	352
METHOD_ENTRY	io.netty.util.concurrent.IntEntry#toString():String	cde000996a0816b5c8c0	413	395	819	166
METHOD_EXIT	io.netty.util.concurrent.IntEntry#hashCode():int	170aba717876bc7d1cb7	455	475	941	173
METHOD_ENTRY	io.netty.util.concurrent.IntEntry#equals(Object):boolean	29e5db11c75b9d65479f	413	425	849	258
METHOD_ENTRY	io.netty.util.concurrent.ConcurrentSkipListIntObjMultimap#acquireFenceFallback():void	c802e7478f7d8fb6c795	413	3894	4318	54
METHOD_EXIT	io.netty.util.concurrent.IntEntry#toString():String	a6891f9defb1219e3a04	455	469	935	177
METHOD_ENTRY	io.netty.util.concurrent.Iter#hasNext():boolean	3afef8c1e089791f593b	413	384	808	227
METHOD_ENTRY	io.netty.util.concurrent.IntEntry#compareTo(IntEntry<V>):int	1abac288648278f78256	413	399	823	214
METHOD_EXIT	io.netty.util.concurrent.IntEntry#compareTo(IntEntry<V>):int	8a81d49ecfd95c3a0354	455	476	942	230
METHOD_EXIT	io.netty.util.concurrent.Iter#hasNext():boolean	c9bea2b4defcbfc4684a	455	458	924	136
METHOD_ENTRY	io.netty.util.concurrent.DefaultProgressivePromise#setProgress(long,long):ProgressivePromise<V>	3e014777ad1a0915f7b4	413	703	1127	153
METHOD_EXIT	io.netty.util.concurrent.Iter#advance(Node<V>):void	bc0de0a54e090bc814be	455	459	925	419
METHOD_ENTRY	io.netty.util.concurrent.Iter#advance(Node<V>):void	c5ea8d76ef203a05ed4b	413	448	872	263
METHOD_ENTRY	io.netty.util.concurrent.DefaultProgressivePromise#tryProgress(long,long):boolean	26e88bfee7d82e8de03d	413	654	1078	249
METHOD_EXIT	io.netty.util.concurrent.DefaultProgressivePromise#setProgress(long,long):ProgressivePromise<V>	b1a6bec495e4a027897f	455	782	1248	225
METHOD_ENTRY	io.netty.util.concurrent.DefaultProgressivePromise#addListener(GenericFutureListener<? extends Future<? super V>>):ProgressivePromise<V>	8cd2d46b22afad0a1396	413	618	1042	176
METHOD_EXIT	io.netty.util.concurrent.DefaultProgressivePromise#tryProgress(long,long):boolean	3a44bbc844e2c47ddfe2	455	731	1197	268
METHOD_EXIT	io.netty.util.concurrent.DefaultProgressivePromise#addListener(GenericFutureListener<? extends Future<? super V>>):ProgressivePromise<V>	6c37777094a11e097c38	455	697	1163	168
METHOD_ENTRY	io.netty.util.concurrent.DefaultProgressivePromise#addListeners(GenericFutureListener<? extends Future<? super V>>):ProgressivePromise<V>	108033401ba1f6568a5d	413	620	1044	52
METHOD_ENTRY	io.netty.util.concurrent.DefaultProgressivePromise#removeListener(GenericFutureListener<? extends Future<? super V>>):ProgressivePromise<V>	d1f9b1300f0bcb1df8a3	413	618	1042	241
METHOD_EXIT	io.netty.util.concurrent.DefaultProgressivePromise#addListeners(GenericFutureListener<? extends Future<? super V>>):ProgressivePromise<V>	173f2282a77266de6132	455	699	1165	263
METHOD_EXIT	io.netty.util.concurrent.DefaultProgressivePromise#removeListener(GenericFutureListener<? extends Future<? super V>>):ProgressivePromise<V>	1f10cf9b41ba8534ecda	455	697	1163	176
METHOD_ENTRY	io.netty.util.concurrent.DefaultProgressivePromise#removeListeners(GenericFutureListener<? extends Future<? super V>>):ProgressivePromise<V>	1e346d696c8edbc2f3a7	413	620	1044	133
METHOD_EXIT	io.netty.util.concurrent.DefaultProgressivePromise#removeListeners(GenericFutureListener<? extends Future<? super V>>):ProgressivePromise<V>	33a8a9c20da7fa99ee60	455	699	1165	235
METHOD_ENTRY	io.netty.util.concurrent.DefaultProgressivePromise#sync():ProgressivePromise<V>	0dc68fe78288dcb64814	413	586	1010	136
METHOD_EXIT	io.netty.util.concurrent.DefaultProgressivePromise#sync():ProgressivePromise<V>	f8c294d358ff9e87d933	455	662	1128	253
METHOD_ENTRY	io.netty.util.concurrent.DefaultProgressivePromise#syncUninterruptibly():ProgressivePromise<V>	be293bee3a98a342f401	413	592	1016	243
METHOD_EXIT	io.netty.util.concurrent.DefaultProgressivePromise#syncUninterruptibly():ProgressivePromise<V>	486485d83617860f796e	455	668	1134	213
METHOD_EXIT	io.netty.util.concurrent.Iter#remove():void	659c469c052efa92092b	455	482	948	164
METHOD_ENTRY	io.netty.util.concurrent.DefaultProgressivePromise#await():ProgressivePromise<V>	e0569728b34b8dc9b145	413	586	1010	272
METHOD_EXIT	io.netty.util.concurrent.DefaultProgressivePromise#await():ProgressivePromise<V>	3a570c1520605f3d5151	455	662	1128	272
METHOD_ENTRY	io.netty.util.concurrent.DefaultProgressivePromise#awaitUninterruptibly():ProgressivePromise<V>	ad4d14c3b88ad0f1bf02	413	592	1016	63
METHOD_EXIT	io.netty.util.concurrent.EntryIterator#next():IntEntry<V>	418c09d75549e2a1f366	455	514	980	280
METHOD_ENTRY	io.netty.util.concurrent.EntryIterator#next():IntEntry<V>	947a24fd80c3aade8874	413	438	862	228
METHOD_EXIT	io.netty.util.concurrent.DefaultProgressivePromise#awaitUninterruptibly():ProgressivePromise<V>	5414d23ef7e018908bad	455	668	1134	251
METHOD_ENTRY	io.netty.util.concurrent.DefaultProgressivePromise#setSuccess(V):ProgressivePromise<V>	7dbcfe668cdf64952694	413	652	1076	88
METHOD_EXIT	io.netty.util.concurrent.DefaultProgressivePromise#setSuccess(V):ProgressivePromise<V>	a079bb55c9b40834eb23	455	665	1131	223
METHOD_EXIT	io.netty.util.concurrent.DefaultProgressivePromise#setFailure(Throwable):ProgressivePromise<V>	901b7a100ebe8bf18485	455	671	1137	256
METHOD_EXIT	io.netty.util.concurrent.PromiseAggregator#add(Promise<V>):PromiseAggregator<V, F>	45472eeb5dbf40a19e22	455	784	1250	291
METHOD_ENTRY	io.netty.util.concurrent.PromiseAggregator#add(Promise<V>):PromiseAggregator<V, F>	9b7fbd8659cb33305559	413	703	1127	244
METHOD_ENTRY	io.netty.util.concurrent.DefaultProgressivePromise#setFailure(Throwable):ProgressivePromise<V>	1b496d90d2bf574a891e	413	592	1016	281
METHOD_ENTRY	io.netty.util.concurrent.PromiseAggregator#operationComplete(F):void	9b50e8876e3318eca838	413	658	1082	273
METHOD_EXIT	io.netty.util.concurrent.PromiseAggregator#operationComplete(F):void	f2655bda8c77a0213046	455	669	1135	347
METHOD_ENTRY	io.netty.util.concurrent.Iter#remove():void	4c0153f3988789db519c	413	471	895	199
METHOD_ENTRY	io.netty.util.AsciiStringUtil#toLowerCase(AsciiString):AsciiString	96122062fff92d5ae9e6	413	937	1361	196
METHOD_EXIT	io.netty.util.AsciiStringUtil#toLowerCase(AsciiString):AsciiString	f8ba865aed4987052f93	455	1016	1482	299
METHOD_ENTRY	io.netty.util.AsciiStringUtil#containsUpperCase(byte[],int,int):boolean	4f6f07dd3461fb332802	413	977	1401	259
METHOD_EXIT	io.netty.util.AsciiStringUtil#containsUpperCase(byte[],int,int):boolean	9780515a916e967aab35	455	1054	1520	282
METHOD_ENTRY	io.netty.util.AsciiStringUtil#unrolledContainsUpperCase(byte[],int,int):boolean	cc108b043525f431414c	413	1054	1478	229
METHOD_ENTRY	io.netty.util.AsciiStringUtil#linearContainsUpperCase(byte[],int,int):boolean	4fbb0bbac5d5018f49d0	413	915	1339	278
METHOD_EXIT	io.netty.util.AsciiStringUtil#linearContainsUpperCase(byte[],int,int):boolean	74454ea53052378652e2	455	992	1458	349
METHOD_EXIT	io.netty.util.AsciiStringUtil#toLowerCase(byte[],int,byte[]):void	01f2aee214a5551173b7	455	1014	1480	329
METHOD_ENTRY	io.netty.util.AsciiStringUtil#linearToLowerCase(byte[],int,byte[]):void	66759c73ebbcadb6cf35	413	903	1327	241
METHOD_EXIT	io.netty.util.AsciiStringUtil#linearToLowerCase(byte[],int,byte[]):void	3386a59f12ce4d41f1ab	455	914	1380	325
METHOD_ENTRY	io.netty.util.AsciiStringUtil#unrolledToLowerCase(byte[],int,byte[],int,int):void	6483ee52e5ae483161fd	413	1137	1561	206
METHOD_ENTRY	io.netty.util.AsciiStringUtil#toUpperCase(AsciiString):AsciiString	b65602374b83a9719b5b	413	937	1361	276
METHOD_EXIT	io.netty.util.AsciiStringUtil#unrolledToLowerCase(byte[],int,byte[],int,int):void	90c0b6fccbc6eec9a3d9	455	1148	1614	232
METHOD_EXIT	io.netty.util.AsciiStringUtil#unrolledContainsUpperCase(byte[],int,int):boolean	f40eea9dbdeb8313dc4a	455	1131	1597	424
METHOD_EXIT	io.netty.util.AsciiStringUtil#toUpperCase(AsciiString):AsciiString	3b60d970bccaa94e27a4	455	1016	1482	298
METHOD_ENTRY	io.netty.util.AsciiStringUtil#containsLowerCase(byte[],int,int):boolean	71875456b3e694208d41	413	977	1401	258
METHOD_EXIT	io.netty.util.AsciiStringUtil#linearContainsLowerCase(byte[],int,int):boolean	7d548fa477d819528b80	455	992	1458	279
METHOD_ENTRY	io.netty.util.AsciiStringUtil#toLowerCase(byte[],int,byte[]):void	e2bc4d8edd7905a8e8e2	413	1003	1427	7589
METHOD_ENTRY	io.netty.util.AsciiStringUtil#linearContainsLowerCase(byte[],int,int):boolean	40890b95fb7be9dbe37c	413	915	1339	263
METHOD_EXIT	io.netty.util.AsciiStringUtil#containsLowerCase(byte[],int,int):boolean	3139b50d4fd85160dc3a	455	1054	1520	276
METHOD_ENTRY	io.netty.util.AsciiStringUtil#unrolledContainsLowerCase(byte[],int,int):boolean	2985a8ef99fb96d8799a	413	1054	1478	196
METHOD_ENTRY	io.netty.util.AsciiStringUtil#toUpperCase(byte[],int,byte[]):void	ccae9ac51bfbb43be912	413	1003	1427	201
METHOD_EXIT	io.netty.util.AsciiStringUtil#toUpperCase(byte[],int,byte[]):void	d6f10ab0e46a1bf21d4a	455	1014	1480	285
METHOD_ENTRY	io.netty.util.AsciiStringUtil#linearToUpperCase(byte[],int,byte[]):void	1708c593939906a9eae7	413	903	1327	251
METHOD_EXIT	io.netty.util.AsciiStringUtil#linearToUpperCase(byte[],int,byte[]):void	21ab0e585cfd4e648818	455	914	1380	298
METHOD_ENTRY	io.netty.util.AsciiStringUtil#unrolledToUpperCase(byte[],int,byte[],int,int):void	a762c924fccac0ee7cb1	413	1114	1538	230
METHOD_EXIT	io.netty.util.AsciiStringUtil#unrolledToUpperCase(byte[],int,byte[],int,int):void	937d8f0692c6999c7a76	455	1125	1591	404
METHOD_ENTRY	io.netty.util.AsciiStringUtil#isLowerCase(byte):boolean	cbb83c46b4a137281445	413	854	1278	289
METHOD_EXIT	io.netty.util.AsciiStringUtil#unrolledContainsLowerCase(byte[],int,int):boolean	78e5be6aeb211f825503	455	1131	1597	358
METHOD_EXIT	io.netty.util.AsciiStringUtil#isLowerCase(byte):boolean	691b8855fb60c997be82	455	931	1397	259
METHOD_ENTRY	io.netty.util.AsciiStringUtil#isUpperCase(byte):boolean	24eba438deb0f766f2ea	413	853	1277	314
METHOD_ENTRY	io.netty.util.ResourceLeakTracker#getCloseStackTraceIfAny():Throwable	35da6f66ef0e6b7260c5	413	635	1059	53
METHOD_EXIT	io.netty.util.ResourceLeakTracker#getCloseStackTraceIfAny():Throwable	1d3c8db267aaf0fc6b05	455	709	1175	59
METHOD_ENTRY	io.netty.util.AsciiStringUtil#toLowerCase(byte):byte	56cfcdba6a62835c23d4	413	859	1283	309
METHOD_EXIT	io.netty.util.AsciiStringUtil#isUpperCase(byte):boolean	afc4076f2aaa66cc5b36	455	930	1396	307
METHOD_ENTRY	io.netty.util.AsciiStringUtil#toUpperCase(byte):byte	b0d2b73e562bc0558f04	413	859	1283	300
METHOD_EXIT	io.netty.util.AsciiStringUtil#toLowerCase(byte):byte	8a12c4054e3d48b05800	455	936	1402	309
METHOD_ENTRY	io.netty.util.DomainWildcardMappingBuilder#add(String,V):DomainWildcardMappingBuilder<V>	c90fa4e845d96100ad49	413	717	1141	213
METHOD_EXIT	io.netty.util.AsciiStringUtil#toUpperCase(byte):byte	ff3e4c6fff5f2697c8b2	455	936	1402	321
METHOD_ENTRY	io.netty.util.DomainWildcardMappingBuilder#normalizeHostName(String):String	17fdceb4a94b0f1f329d	413	806	1230	290
METHOD_EXIT	io.netty.util.DomainWildcardMappingBuilder#build():Mapping<String, V>	bc5b9171a42313820fe9	455	769	1235	286
METHOD_ENTRY	io.netty.util.DomainWildcardMappingBuilder#build():Mapping<String, V>	e73bcea5595fdf4928d9	413	692	1116	102
METHOD_EXIT	io.netty.util.DomainWildcardMappingBuilder#normalizeHostName(String):String	db82e623036e9290ced2	455	883	1349	311
METHOD_ENTRY	io.netty.util.DomainWildcardMappingBuilder#map(String):V	9b6ba14155be4a356a9a	413	787	1211	61
METHOD_EXIT	io.netty.util.DomainWildcardMappingBuilder#map(String):V	c8859dcf5e47cc84664e	455	864	1330	369
METHOD_EXIT	io.netty.util.DomainWildcardMappingBuilder#add(String,V):DomainWildcardMappingBuilder<V>	d1abde6e002a64780804	455	798	1264	208
METHOD_ENTRY	io.netty.util.DomainWildcardMappingBuilder#normalize(String):String	db536a52f7559ba73c66	413	692	1116	245
METHOD_EXIT	io.netty.util.DomainWildcardMappingBuilder#normalize(String):String	d7110624c20ba6e12162	455	769	1235	237
METHOD_ENTRY	io.netty.util.DomainWildcardMappingBuilder#toString():String	ea175ed3c792f87af98d	413	798	1222	425
METHOD_ENTRY	io.netty.util.ImmutableDomainWildcardMapping#map(String):V	20bcec12ed0f533a34ec	413	491	915	258
METHOD_EXIT	io.netty.util.ImmutableDomainWildcardMapping#map(String):V	ea022a6eb6472be7945a	455	568	1034	355
METHOD_ENTRY	io.netty.util.ImmutableDomainWildcardMapping#normalize(String):String	fa91f89a42b17b8b8ac6	413	396	820	583
METHOD_EXIT	io.netty.util.DomainWildcardMappingBuilder#toString():String	3ae14ed9d7792ee97afd	455	872	1338	273
METHOD_ENTRY	io.netty.util.ImmutableDomainWildcardMapping#toString():String	a700d74eace5d3c7a39c	413	502	926	263
METHOD_EXIT	io.netty.util.ImmutableDomainWildcardMapping#toString():String	e1ba3932ee7c76304502	455	576	1042	275
METHOD_EXIT	io.netty.util.ImmutableDomainWildcardMapping#normalize(String):String	2947f650ef5df40db42d	455	473	939	300
METHOD_EXIT	io.netty.util.AsciiString#forEachByte(ByteProcessor):int	b8ecb17bd647c49a7f96	455	6127	6593	301
METHOD_ENTRY	io.netty.util.AsciiString#forEachByte(ByteProcessor):int	b639b736d459c2889333	413	6050	6474	315
METHOD_EXIT	io.netty.util.AsciiString#forEachByte(int,int,ByteProcessor):int	13a269c4275176b6efb0	455	6206	6672	301
METHOD_ENTRY	io.netty.util.AsciiString#forEachByte(int,int,ByteProcessor):int	c7f1321e3542aac86f90	413	6129	6553	106
METHOD_ENTRY	io.netty.util.AsciiString#forEachByteDesc(ByteProcessor):int	559ca5806145a465d8eb	413	6053	6477	231
METHOD_EXIT	io.netty.util.AsciiString#forEachByte0(int,int,ByteProcessor):int	1702475f6262996305ee	455	6188	6654	286
METHOD_ENTRY	io.netty.util.AsciiString#forEachByte0(int,int,ByteProcessor):int	467e6daa6b8168062177	413	6111	6535	273
METHOD_ENTRY	io.netty.util.AsciiString#forEachByteDesc0(int,int,ByteProcessor):int	c92b64dddf1116c1b28c	413	6116	6540	221
METHOD_EXIT	io.netty.util.AsciiString#forEachByteDesc(int,int,ByteProcessor):int	45917df9d2e0db4da679	455	6209	6675	330
METHOD_ENTRY	io.netty.util.AsciiString#forEachByteDesc(int,int,ByteProcessor):int	d184563bc613f121df4c	413	6132	6556	252
METHOD_ENTRY	io.netty.util.AsciiString#byteAt(int):byte	e4336695221254a82b3d	413	6160	6584	143
METHOD_EXIT	io.netty.util.AsciiString#forEachByteDesc0(int,int,ByteProcessor):int	7d8f2659984d4208edcf	455	6193	6659	333
METHOD_EXIT	io.netty.util.AsciiString#forEachByteDesc(ByteProcessor):int	c979431be90500151ecc	455	6130	6596	318
METHOD_ENTRY	io.netty.util.AsciiString#isEmpty():boolean	ef32247141b97c8d1ccf	413	6032	6456	257
METHOD_EXIT	io.netty.util.AsciiString#byteAt(int):byte	436c475722ef31ac35b5	455	6237	6703	277
METHOD_EXIT	io.netty.util.AsciiString#length():int	f1fa96b979f1834de2fa	455	6104	6570	257
METHOD_EXIT	io.netty.util.AsciiString#isEmpty():boolean	2d070def9ef95fe31b53	455	6106	6572	226
METHOD_EXIT	io.netty.util.AsciiString#arrayChanged():void	a972aa3b12aa26cdd6d5	455	6047	6513	92
METHOD_ENTRY	io.netty.util.AsciiString#length():int	33928e92fa941fac64af	413	6030	6454	275
METHOD_ENTRY	io.netty.util.AsciiString#arrayChanged():void	6cab1e3e6a0d807ab7df	413	6036	6460	617
METHOD_ENTRY	io.netty.util.AsciiString#arrayOffset():int	88465040c39d154b109e	413	6029	6453	210
METHOD_EXIT	io.netty.util.AsciiString#array():byte[]	a42e7852c29e6bc2671e	455	6103	6569	218
METHOD_EXIT	io.netty.util.AsciiString#arrayOffset():int	052668f1fdd7206ad850	455	6103	6569	151
METHOD_ENTRY	io.netty.util.AsciiString#array():byte[]	8238ba513fdb1f454d56	413	6029	6453	212
METHOD_ENTRY	io.netty.util.AsciiString#toByteArray():byte[]	4e8a9c91efda608cdfdf	413	6039	6463	217
METHOD_ENTRY	io.netty.util.AsciiString#isEntireArrayUsed():boolean	0647916f3aad90fea2b0	413	6041	6465	229
METHOD_EXIT	io.netty.util.AsciiString#isEntireArrayUsed():boolean	b6dafcabae8964c97720	455	6115	6581	241
METHOD_EXIT	io.netty.util.AsciiString#toByteArray():byte[]	fb8aaa4177da56577f55	455	6113	6579	210
METHOD_ENTRY	io.netty.util.AsciiString#toByteArray(int,int):byte[]	805ff5c8044e477c157b	413	6059	6483	308
METHOD_EXIT	io.netty.util.AsciiString#toByteArray(int,int):byte[]	a1ed5db3adf1718ade9b	455	6136	6602	238
METHOD_ENTRY	io.netty.util.AsciiString#charAt(int):char	186ce7f77cc85e72eff8	413	6042	6466	249
METHOD_EXIT	io.netty.util.AsciiString#charAt(int):char	c93cd3db3e6dfd49951c	455	6119	6585	268
METHOD_ENTRY	io.netty.util.AsciiString#contains(CharSequence):boolean	175d5ceb29d468beef06	413	6041	6465	227
METHOD_EXIT	io.netty.util.AsciiString#contains(CharSequence):boolean	f6eb549dd87645c386d2	455	6118	6584	292
METHOD_ENTRY	io.netty.util.AsciiString#compareTo(CharSequence):int	5a5839d56b06d4ebc0a2	413	6147	6571	240
METHOD_EXIT	io.netty.util.AsciiString#compareTo(CharSequence):int	317627e4936c4f313025	455	6224	6690	355
METHOD_EXIT	io.netty.util.AsciiString#copy(int,byte[],int,int):void	6875dcf83dbad946f7bc	455	6158	6624	250
METHOD_ENTRY	io.netty.util.AsciiString#copy(int,byte[],int,int):void	dd52ea80bd83fe29f582	413	6147	6571	226
METHOD_ENTRY	io.netty.util.AsciiString#concat(CharSequence):AsciiString	9ab806ce7e8f0b5946cd	413	6271	6695	237
METHOD_EXIT	io.netty.util.AsciiString#concat(CharSequence):AsciiString	af85059967aaf75fa66b	455	6350	6816	339
METHOD_EXIT	io.netty.util.AsciiString#endsWith(CharSequence):boolean	33fa68ea9743f4d12b4c	455	6136	6602	309
METHOD_ENTRY	io.netty.util.AsciiString#contentEqualsIgnoreCase(CharSequence):boolean	9996acce96a6d9415afe	413	6250	6674	245
METHOD_ENTRY	io.netty.util.AsciiString#endsWith(CharSequence):boolean	1900c4d65bd848a85ec5	413	6059	6483	331
METHOD_EXIT	io.netty.util.AsciiString#contentEqualsIgnoreCase(CharSequence):boolean	185f7a1599611cf1183f	455	6327	6793	363
METHOD_ENTRY	io.netty.util.AsciiString#toCharArray():char[]	9c212cc1d93c174868f6	413	6039	6463	217
METHOD_EXIT	io.netty.util.AsciiString#toCharArray():char[]	8dfb4cafd2eb0924a983	455	6113	6579	264
METHOD_ENTRY	io.netty.util.AsciiString#toCharArray(int,int):char[]	468a8f9a349eaa340160	413	6181	6605	242
METHOD_EXIT	io.netty.util.AsciiString#toCharArray(int,int):char[]	dddcb8070120b5943991	455	6258	6724	246
METHOD_ENTRY	io.netty.util.AsciiString#misalignedEqualsIgnoreCase(AsciiString):boolean	df4e33689a21a4e0dc3d	413	6115	6539	263
METHOD_EXIT	io.netty.util.AsciiString#copy(int,char[],int,int):void	379f84b43ad0d6d8430a	455	6196	6662	275
METHOD_ENTRY	io.netty.util.AsciiString#subSequence(int):AsciiString	71f3a8aa9682b7809833	413	6041	6465	257
METHOD_EXIT	io.netty.util.AsciiString#subSequence(int):AsciiString	1e2faed2266d424c4c67	455	6120	6586	306
METHOD_ENTRY	io.netty.util.AsciiString#subSequence(int,int):AsciiString	fce3640f973554efd489	413	6055	6479	219
METHOD_EXIT	io.netty.util.AsciiString#misalignedEqualsIgnoreCase(AsciiString):boolean	55804c493cec5b0e3439	455	6192	6658	340
METHOD_EXIT	io.netty.util.AsciiString#subSequence(int,int):AsciiString	ddc8a44f8d76696a4818	455	6134	6600	274
METHOD_EXIT	io.netty.util.AsciiString#subSequence(int,int,boolean):AsciiString	5a63aeddbe293d59699d	455	6238	6704	165
METHOD_ENTRY	io.netty.util.AsciiString#copy(int,char[],int,int):void	c53e079c0a6a9e7d6493	413	6185	6609	274
METHOD_ENTRY	io.netty.util.AsciiString#subSequence(int,int,boolean):AsciiString	535b360ee0f07802829a	413	6159	6583	274
METHOD_ENTRY	io.netty.util.AsciiString#indexOf(CharSequence):int	57148d72b10ccd5f6dde	413	6041	6465	268
METHOD_EXIT	io.netty.util.AsciiString#indexOf(CharSequence):int	d92f895270b5f85fcff1	455	6118	6584	328
METHOD_ENTRY	io.netty.util.AsciiString#indexOf(CharSequence,int):int	17a17ff41a1bd51519c5	413	6276	6700	264
METHOD_ENTRY	io.netty.util.AsciiString#indexOf(char,int):int	27d0cb359056b9983d35	413	6141	6565	258
METHOD_EXIT	io.netty.util.AsciiString#indexOf(char,int):int	97faa5c35126971cd449	455	6218	6684	327
METHOD_ENTRY	io.netty.util.AsciiString#lastIndexOf(CharSequence,int):int	4f3aa36f4643a0fcedc1	413	6254	6678	285
METHOD_ENTRY	io.netty.util.AsciiString#regionMatches(int,CharSequence,int,int):boolean	164f87a1bd1cc0d891a8	413	6258	6682	243
METHOD_EXIT	io.netty.util.AsciiString#lastIndexOf(CharSequence,int):int	2e38d8024377d64d1bda	455	6331	6797	316
METHOD_EXIT	io.netty.util.AsciiString#indexOf(CharSequence,int):int	60db57a63c7b1434d55a	455	6353	6819	317
METHOD_EXIT	io.netty.util.AsciiString#lastIndexOf(CharSequence):int	139d6d456223853cae47	455	6139	6605	304
METHOD_EXIT	io.netty.util.AsciiString#regionMatches(int,CharSequence,int,int):boolean	874e475e576d6ce0e1d9	455	6335	6801	384
METHOD_ENTRY	io.netty.util.AsciiString#lastIndexOf(CharSequence):int	0e09eb8f7c2658615d99	413	6062	6486	291
METHOD_ENTRY	io.netty.util.AsciiString#regionMatches(boolean,int,CharSequence,int,int):boolean	1918f2d2996f94792928	413	6314	6738	241
METHOD_EXIT	io.netty.util.AsciiString#regionMatches(boolean,int,CharSequence,int,int):boolean	024ebb4a15001d56157e	455	6391	6857	308
METHOD_EXIT	io.netty.util.AsciiString#replace(char,char):AsciiString	94f1c312f4ee81061edc	455	6314	6780	332
METHOD_ENTRY	io.netty.util.AsciiString#replace(char,char):AsciiString	5e9422486c95bb3c8159	413	6235	6659	223
METHOD_ENTRY	io.netty.util.AsciiString#startsWith(CharSequence,int):boolean	7c5e088548b40c6c0d1e	413	6056	6480	264
METHOD_EXIT	io.netty.util.AsciiString#startsWith(CharSequence):boolean	69a973544dfcb842fab0	455	6119	6585	310
METHOD_EXIT	io.netty.util.AsciiString#toLowerCase():AsciiString	e2106d178668a5558e56	455	6117	6583	228
METHOD_ENTRY	io.netty.util.AsciiString#toLowerCase():AsciiString	47b1ea14435b2619bbbf	413	6041	6465	197
METHOD_EXIT	io.netty.util.AsciiString#toUpperCase():AsciiString	70a5cd8576a73bd7f0d0	455	6117	6583	228
METHOD_ENTRY	io.netty.util.AsciiString#toUpperCase():AsciiString	6dafd6cd83d094c3f6a3	413	6041	6465	269
METHOD_ENTRY	io.netty.util.AsciiString#startsWith(CharSequence):boolean	1cc02220f2f1e698f4a6	413	6042	6466	206
METHOD_ENTRY	io.netty.util.AsciiString#trim(CharSequence):CharSequence	6d629f9c316c7ae6190e	413	6167	6591	315
METHOD_EXIT	io.netty.util.AsciiString#startsWith(CharSequence,int):boolean	54f0ebe31c884a8dc68c	455	6133	6599	296
METHOD_ENTRY	io.netty.util.AsciiString#trim():AsciiString	0d47836c4d91e87a7133	413	6127	6551	255
METHOD_ENTRY	io.netty.util.AsciiString#contentEquals(CharSequence):boolean	2e23cdc386817db13691	413	6138	6562	303
METHOD_EXIT	io.netty.util.AsciiString#contentEquals(CharSequence):boolean	dbbc30c482883454064c	455	6215	6681	349
METHOD_EXIT	io.netty.util.AsciiString#trim(CharSequence):CharSequence	84872186054e3db0e654	455	6245	6711	253
METHOD_EXIT	io.netty.util.AsciiString#trim():AsciiString	de90933fad599fcb4538	455	6203	6669	331
METHOD_ENTRY	io.netty.util.AsciiString#matches(String):boolean	9a9e3014f398fdce17dd	413	6036	6460	228
METHOD_EXIT	io.netty.util.AsciiString#matches(String):boolean	10a011082843d5466d34	455	6113	6579	319
METHOD_ENTRY	io.netty.util.AsciiString#split(String,int):AsciiString[]	7c3716dfb92bebdbd29d	413	6058	6482	288
METHOD_EXIT	io.netty.util.AsciiString#split(String,int):AsciiString[]	bed758a355abde798a7f	455	6137	6603	261
METHOD_EXIT	io.netty.util.AsciiString#split(char):AsciiString[]	490a994bdf3cc7592c44	455	6368	6834	241
METHOD_ENTRY	io.netty.util.AsciiString#split(char):AsciiString[]	7d0120101a115ce9f61b	413	6289	6713	256
METHOD_EXIT	io.netty.util.AsciiString#hashCode():int	f95a84c212d9a854f4fe	455	6142	6608	319
METHOD_ENTRY	io.netty.util.AsciiString#equals(Object):boolean	e7242901cc0fa88d0618	413	6118	6542	285
METHOD_ENTRY	io.netty.util.AsciiString#hashCode():int	5915ad3b8023da2494a9	413	6068	6492	181
METHOD_ENTRY	io.netty.util.AsciiString#toString():String	20690139f7b3755a3cb9	413	6061	6485	245
METHOD_EXIT	io.netty.util.AsciiString#equals(Object):boolean	3f88f2e493802ab47de4	455	6195	6661	316
METHOD_ENTRY	io.netty.util.AsciiString#toString(int):String	fbbb020ec57492321675	413	6038	6462	202
METHOD_EXIT	io.netty.util.AsciiString#toString():String	b062a9463dca3516300c	455	6135	6601	311
METHOD_EXIT	io.netty.util.AsciiString#toString(int):String	b4a19c678a8c0a2b6eee	455	6115	6581	241
METHOD_ENTRY	io.netty.util.AsciiString#toString(int,int):String	fb9ac77a33da6ac9443c	413	6150	6574	222
METHOD_EXIT	io.netty.util.AsciiString#toString(int,int):String	5d62733e736a5d78bb95	455	6227	6693	251
METHOD_ENTRY	io.netty.util.AsciiString#parseBoolean():boolean	9828e4aed827a220240d	413	6039	6463	274
METHOD_EXIT	io.netty.util.AsciiString#parseBoolean():boolean	932faaae7d974cea4236	455	6113	6579	286
METHOD_ENTRY	io.netty.util.AsciiString#parseChar():char	46e87a35d3d62665bca2	413	6032	6456	235
METHOD_ENTRY	io.netty.util.AsciiString#parseChar(int):char	84024dbfb8862f02807e	413	6114	6538	267
METHOD_EXIT	io.netty.util.AsciiString#parseChar():char	248343dfcfaed0d30e47	455	6106	6572	260
METHOD_EXIT	io.netty.util.AsciiString#parseChar(int):char	8ca67b3cde8badc5c491	455	6191	6657	300
METHOD_ENTRY	io.netty.util.AsciiString#parseShort():short	54751ace8b983763920f	413	6037	6461	254
METHOD_EXIT	io.netty.util.AsciiString#parseShort():short	aa4de772db4d9a9f0170	455	6111	6577	131
METHOD_EXIT	io.netty.util.AsciiString#parseShort(int):short	c636b82faba705fc178b	455	6118	6584	262
METHOD_ENTRY	io.netty.util.AsciiString#parseShort(int):short	6914cc06eb08f521baaf	413	6041	6465	147
METHOD_ENTRY	io.netty.util.AsciiString#parseShort(int,int):short	0dbdca6ebd8468dfdc21	413	6050	6474	237
METHOD_ENTRY	io.netty.util.AsciiString#parseShort(int,int,int):short	abd45fead7ff1b2dfd53	413	6103	6527	222
METHOD_EXIT	io.netty.util.AsciiString#parseShort(int,int):short	9d7d97fe80ec113ec7c4	455	6127	6593	289
METHOD_EXIT	io.netty.util.AsciiString#parseShort(int,int,int):short	af4633ce2d38899df1e3	455	6180	6646	265
METHOD_EXIT	io.netty.util.AsciiString#parseInt():int	297f753303d11f7f6448	455	6111	6577	159
METHOD_ENTRY	io.netty.util.AsciiString#parseInt():int	a0f1065d3f8a51915d39	413	6037	6461	202
METHOD_ENTRY	io.netty.util.AsciiString#parseInt(int):int	70af21ed20c79080779c	413	6041	6465	240
METHOD_ENTRY	io.netty.util.AsciiString#parseInt(int,int):int	a717c603331e6095cbf9	413	6050	6474	223
METHOD_EXIT	io.netty.util.AsciiString#parseInt(int,int):int	72dc7d7cbbe97d1c8938	455	6127	6593	244
METHOD_ENTRY	io.netty.util.AsciiString#parseInt(int,int,int):int	347ace70e60fdc61c8fe	413	6152	6576	196
METHOD_EXIT	io.netty.util.AsciiString#parseInt(int,int,int):int	cc3af68df3347b823925	455	6229	6695	275
METHOD_EXIT	io.netty.util.AsciiString#parseInt(int):int	a38315a5f8c92919929c	455	6118	6584	282
METHOD_ENTRY	io.netty.util.AsciiString#parseInt(int,int,int,boolean):int	dff4258d636f73bde781	413	6262	6686	146
METHOD_EXIT	io.netty.util.AsciiString#parseInt(int,int,int,boolean):int	d9acb34fc8cb14345592	455	6339	6805	295
METHOD_ENTRY	io.netty.util.AsciiString#parseLong():long	1d1d3df8c82d3371c037	413	6037	6461	229
METHOD_ENTRY	io.netty.util.AsciiString#parseLong(int):long	043dc920ac232c6fc266	413	6041	6465	219
METHOD_EXIT	io.netty.util.AsciiString#parseLong(int):long	966b920a54be265b175e	455	6118	6584	301
METHOD_EXIT	io.netty.util.AsciiString#parseLong():long	e81a7d46c668f82ff792	455	6111	6577	207
METHOD_ENTRY	io.netty.util.AsciiString#parseLong(int,int):long	38243b6747ce43da436a	413	6050	6474	244
METHOD_ENTRY	io.netty.util.AsciiString#parseLong(int,int,int):long	c11a01f6945e68c0e0f7	413	6152	6576	197
METHOD_EXIT	io.netty.util.AsciiString#parseLong(int,int,int):long	30d2df114a172a419664	455	6229	6695	306
METHOD_EXIT	io.netty.util.AsciiString#parseLong(int,int):long	c41afe08137f65f17e87	455	6127	6593	245
METHOD_ENTRY	io.netty.util.AsciiString#parseFloat():float	7af8b77104151369da06	413	6034	6458	195
METHOD_EXIT	io.netty.util.AsciiString#parseLong(int,int,int,boolean):long	ddf1e1a0ef0947504825	455	6339	6805	329
METHOD_EXIT	io.netty.util.AsciiString#parseFloat():float	777b1793358154dab5cd	455	6108	6574	329
METHOD_EXIT	io.netty.util.AsciiString#parseFloat(int,int):float	cf58f534739b207c3c7f	455	6127	6593	235
METHOD_ENTRY	io.netty.util.AsciiString#parseLong(int,int,int,boolean):long	4d2167e6f11d45e00e9c	413	6262	6686	261
METHOD_ENTRY	io.netty.util.AsciiString#parseDouble():double	d84eb9dfc76f66417f6f	413	6034	6458	293
METHOD_ENTRY	io.netty.util.AsciiString#parseFloat(int,int):float	a84e2d6d06608a2c9bac	413	6050	6474	259
METHOD_EXIT	io.netty.util.AsciiString#parseDouble():double	cedf93f20dc763b214be	455	6108	6574	325
METHOD_ENTRY	io.netty.util.AsciiString#parseDouble(int,int):double	bf39831624ca6258effd	413	6050	6474	240
METHOD_EXIT	io.netty.util.AsciiString#parseDouble(int,int):double	afb9e9c04140521660e6	455	6127	6593	237
METHOD_ENTRY	io.netty.util.AsciiString#hashCode(CharSequence):int	40ece25aac9ab76341ad	413	6076	6500	289
METHOD_ENTRY	io.netty.util.AsciiString#hashCode(CharSequence):int	40ece25aac9ab76341ad	413	6076	6500	289
METHOD_EXIT	io.netty.util.AsciiString#equals(CharSequence,CharSequence):boolean	e78a503a6656ccd839d8	455	6028	6494	187
METHOD_EXIT	io.netty.util.AsciiString#hashCode(CharSequence):int	546b8f2b5f7d718635d9	455	6153	6619	321
METHOD_EXIT	io.netty.util.AsciiString#equals(CharSequence,CharSequence):boolean	e78a503a6656ccd839d8	455	6028	6494	187
METHOD_ENTRY	io.netty.util.AsciiString#equals(CharSequence,CharSequence):boolean	70c6a39bbfb6b8e4188f	413	6017	6441	55
METHOD_EXIT	io.netty.util.AsciiString#hashCode(CharSequence):int	546b8f2b5f7d718635d9	455	6153	6619	321
METHOD_ENTRY	io.netty.util.AsciiString#of(CharSequence):AsciiString	8672a3667299703440ff	413	6055	6479	237
METHOD_ENTRY	io.netty.util.AsciiString#equals(CharSequence,CharSequence):boolean	70c6a39bbfb6b8e4188f	413	6017	6441	55
METHOD_EXIT	io.netty.util.AsciiString#of(CharSequence):AsciiString	98e898d72d4ca346a919	455	6134	6600	304
METHOD_ENTRY	io.netty.util.AsciiString#cached(String):AsciiString	0f2ba647b09d77460859	413	6149	6573	224
METHOD_EXIT	io.netty.util.AsciiString#hashCode(CharSequence):int	546b8f2b5f7d718635d9	455	6153	6619	321
METHOD_ENTRY	io.netty.util.AsciiString#hashCode(CharSequence):int	40ece25aac9ab76341ad	413	6076	6500	289
METHOD_EXIT	io.netty.util.AsciiString#contains(CharSequence,CharSequence):boolean	d0e06347f8861a4fc751	455	6135	6601	363
METHOD_EXIT	io.netty.util.AsciiString#containsIgnoreCase(CharSequence,CharSequence):boolean	c2035f28409c3928ea1b	455	6142	6608	271
METHOD_ENTRY	io.netty.util.AsciiString#contentEqualsIgnoreCase(CharSequence,CharSequence):boolean	43209a6337c3cd67068b	413	6188	6612	297
METHOD_EXIT	io.netty.util.AsciiString#cached(String):AsciiString	a1270a95d6a71f60c8c8	455	6228	6694	315
METHOD_ENTRY	io.netty.util.AsciiString#contains(CharSequence,CharSequence):boolean	43a4890461250493e257	413	6058	6482	273
METHOD_EXIT	io.netty.util.AsciiString#contentEqualsIgnoreCase(CharSequence,CharSequence):boolean	674f1080abf364f7d1d5	455	6265	6731	374
METHOD_ENTRY	io.netty.util.AsciiString#containsIgnoreCase(CharSequence,CharSequence):boolean	3a56c56035e905e49adc	413	6065	6489	248
METHOD_EXIT	io.netty.util.AsciiString#containsContentEqualsIgnoreCase(Collection<CharSequence>,CharSequence):boolean	68240310f273c2ce6ece	455	6171	6637	270
METHOD_ENTRY	io.netty.util.AsciiString#containsAllContentEqualsIgnoreCase(Collection<CharSequence>,Collection<CharSequence>):boolean	8b480c5a30edb7bab6d1	413	6104	6528	312
METHOD_ENTRY	io.netty.util.AsciiString#containsContentEqualsIgnoreCase(Collection<CharSequence>,CharSequence):boolean	3be9f17d4420b59caa3e	413	6094	6518	366
METHOD_EXIT	io.netty.util.AsciiString#containsAllContentEqualsIgnoreCase(Collection<CharSequence>,Collection<CharSequence>):boolean	58c69c9eb19222e0e074	455	6181	6647	353
METHOD_ENTRY	io.netty.util.AsciiString#contentEquals(CharSequence,CharSequence):boolean	494bf70b56083c12ba74	413	6178	6602	299
METHOD_ENTRY	io.netty.util.AsciiString#toAsciiStringArray(String[]):AsciiString[]	283f43ec0903a14db87b	413	6100	6524	240
METHOD_EXIT	io.netty.util.AsciiString#contentEquals(CharSequence,CharSequence):boolean	7026a3646dc11a4d226b	455	6255	6721	312
METHOD_EXIT	io.netty.util.AsciiString#toAsciiStringArray(String[]):AsciiString[]	0e860081f8446aea958c	455	6179	6645	335
METHOD_ENTRY	io.netty.util.AsciiString#equals(char,char):boolean	d20aa0b88b9ec675261d	413	6046	6470	236
METHOD_EXIT	io.netty.util.AsciiString#equals(char,char):boolean	73696da64b8d9fea8e2d	455	6123	6589	287
METHOD_ENTRY	io.netty.util.AsciiString#equals(char,char):boolean	d20aa0b88b9ec675261d	413	6046	6470	236
METHOD_ENTRY	io.netty.util.AsciiString#equals(char,char):boolean	d20aa0b88b9ec675261d	413	6046	6470	236
METHOD_EXIT	io.netty.util.AsciiString#equals(char,char):boolean	73696da64b8d9fea8e2d	455	6123	6589	287
METHOD_EXIT	io.netty.util.AsciiString#equals(char,char):boolean	73696da64b8d9fea8e2d	455	6123	6589	287
METHOD_EXIT	io.netty.util.AsciiString#contains(CharSequence,CharSequence,CharEqualityComparator):boolean	c82c47d73b080f4536c7	455	6306	6772	315
METHOD_ENTRY	io.netty.util.AsciiString#contains(CharSequence,CharSequence,CharEqualityComparator):boolean	dde036de28fe39f9e577	413	6229	6653	273
METHOD_ENTRY	io.netty.util.AsciiString#regionMatchesCharSequences(CharSequence,int,CharSequence,int,int,CharEqualityComparator):boolean	fb8c19d9cfc4637ccc16	413	6247	6671	249
METHOD_EXIT	io.netty.util.AsciiString#regionMatchesCharSequences(CharSequence,int,CharSequence,int,int,CharEqualityComparator):boolean	ecac056be1b761a0097f	455	6324	6790	393
METHOD_ENTRY	io.netty.util.AsciiString#regionMatches(CharSequence,boolean,int,CharSequence,int,int):boolean	14064cd6053c9ebe893e	413	6220	6644	236
METHOD_EXIT	io.netty.util.AsciiString#regionMatches(CharSequence,boolean,int,CharSequence,int,int):boolean	f8de0c9789653d0529cb	455	6297	6763	305
METHOD_ENTRY	io.netty.util.AsciiString#regionMatchesAscii(CharSequence,boolean,int,CharSequence,int,int):boolean	438aefe96a0cdfa39631	413	6287	6711	248
METHOD_EXIT	io.netty.util.AsciiString#regionMatchesAscii(CharSequence,boolean,int,CharSequence,int,int):boolean	169a8337e51060c2cd6f	455	6364	6830	350
METHOD_ENTRY	io.netty.util.AsciiString#indexOfIgnoreCase(CharSequence,CharSequence,int):int	21f8024e0d15233dda8c	413	6221	6645	279
METHOD_ENTRY	io.netty.util.AsciiString#indexOfIgnoreCaseAscii(CharSequence,CharSequence,int):int	f47f71964ca5f0da4fd5	413	6224	6648	309
METHOD_EXIT	io.netty.util.AsciiString#indexOfIgnoreCaseAscii(CharSequence,CharSequence,int):int	cd55773aa3d2c65fd546	455	6301	6767	372
METHOD_EXIT	io.netty.util.AsciiString#indexOfIgnoreCase(CharSequence,CharSequence,int):int	8bf42e2d0d14c50ae5e9	455	6298	6764	295
METHOD_ENTRY	io.netty.util.AsciiString#indexOf(CharSequence,char,int):int	174023e129ac0f1136fc	413	6180	6604	267
METHOD_EXIT	io.netty.util.AsciiString#indexOf(CharSequence,char,int):int	50e480c366ef8465a6b7	455	6257	6723	307
METHOD_ENTRY	io.netty.util.AsciiString#equalsIgnoreCase(byte,byte):boolean	be693c4644f2efa6872e	413	6068	6492	328
METHOD_EXIT	io.netty.util.AsciiString#equalsIgnoreCase(byte,byte):boolean	8b7882c5a8a35bc18305	455	6145	6611	364
METHOD_ENTRY	io.netty.util.AsciiString#equalsIgnoreCase(char,char):boolean	6783c2918a9afc8bbbbf	413	6059	6483	308
METHOD_EXIT	io.netty.util.AsciiString#equalsIgnoreCase(char,char):boolean	09e9efcfde36b7f30668	455	6136	6602	272
METHOD_ENTRY	io.netty.util.AsciiString#toLowerCase(char):char	101db2894d8397b92995	413	6053	6477	249
METHOD_ENTRY	io.netty.util.AsciiString#toUpperCase(byte):byte	71f1575b5cc611ee1794	413	6044	6468	417
METHOD_EXIT	io.netty.util.AsciiString#toUpperCase(byte):byte	0e9c8d1ae1c6720f4de6	455	6121	6587	267
METHOD_EXIT	io.netty.util.AsciiString#toLowerCase(char):char	44fcd4d0c03cde18eb23	455	6130	6596	319
METHOD_EXIT	io.netty.util.AsciiString#isUpperCase(byte):boolean	15ff0c2d23b15f6dc838	455	6121	6587	273
METHOD_ENTRY	io.netty.util.AsciiString#isUpperCase(byte):boolean	09b9f5ec465daf8048ca	413	6044	6468	282
METHOD_ENTRY	io.netty.util.AsciiString#isUpperCase(char):boolean	54ae6e42bc59c47bdea5	413	6046	6470	364
METHOD_EXIT	io.netty.util.AsciiString#isUpperCase(char):boolean	2c064f9f8ccb3665a247	455	6123	6589	287
METHOD_EXIT	io.netty.util.AsciiString#c2b(char):byte	2d81011ed8de4cda30aa	455	6127	6593	302
METHOD_ENTRY	io.netty.util.AsciiString#c2b(char):byte	0f4af137145efd9725c0	413	6050	6474	287
METHOD_ENTRY	io.netty.util.AsciiString#c2b0(char):byte	62879505c498c2acfb3e	413	6042	6466	296
METHOD_EXIT	io.netty.util.AsciiString#c2b0(char):byte	c701df41bd6dd872ed56	455	6119	6585	272
METHOD_ENTRY	io.netty.util.AsciiString#b2c(byte):char	7316ad86812466153b53	413	6046	6470	367
METHOD_ENTRY	io.netty.util.DefaultCharEqualityComparator#equals(char,char):boolean	ed7247a1f1510179b5c5	413	397	821	242
METHOD_ENTRY	io.netty.util.HashingStrategy#hashCode(Object):int	948ad52e70c3c0e28549	413	908	1332	165
METHOD_EXIT	io.netty.util.HashingStrategy#hashCode(Object):int	b32b2ef9439bda463284	455	919	1385	168
METHOD_ENTRY	io.netty.util.HashingStrategy#equals(Object,Object):boolean	aa9ad2f28ba53e97c880	413	908	1332	250
METHOD_EXIT	io.netty.util.HashingStrategy#equals(Object,Object):boolean	a71d6793b4bde091bffe	455	919	1385	327
METHOD_EXIT	io.netty.util.AsciiString#b2c(byte):char	bbc80b0e73f50625717b	455	6123	6589	242
METHOD_ENTRY	io.netty.util.AbstractReferenceCounted#refCnt():int	2aaeba2615607927bc28	413	545	969	75
METHOD_EXIT	io.netty.util.AbstractReferenceCounted#refCnt():int	b4d247fddb1648841946	455	619	1085	263
METHOD_ENTRY	io.netty.util.AbstractReferenceCounted#setRefCnt(int):void	9e73c26843ee83a96b04	413	554	978	245
METHOD_EXIT	io.netty.util.AbstractReferenceCounted#setRefCnt(int):void	45ee84efebd32e90d766	455	565	1031	265
METHOD_ENTRY	io.netty.util.AbstractReferenceCounted#retain():ReferenceCounted	b478131643fd770b1ef1	413	550	974	236
METHOD_ENTRY	io.netty.util.AbstractReferenceCounted#retain(int):ReferenceCounted	d54209a30aad8674e04a	413	557	981	97
METHOD_EXIT	io.netty.util.AbstractReferenceCounted#retain():ReferenceCounted	a10a7aa22a748698be5a	455	626	1092	155
METHOD_ENTRY	io.netty.util.AbstractReferenceCounted#touch():ReferenceCounted	800b925d7c089301fe0f	413	543	967	198
METHOD_EXIT	io.netty.util.AbstractReferenceCounted#retain(int):ReferenceCounted	294d5126f553928cb5e5	455	636	1102	168
METHOD_EXIT	io.netty.util.AbstractReferenceCounted#touch():ReferenceCounted	2d24b3c1dab1b1364321	455	619	1085	258
METHOD_ENTRY	io.netty.util.AbstractReferenceCounted#release():boolean	c6e34da6924ad138b546	413	545	969	262
METHOD_EXIT	io.netty.util.AbstractReferenceCounted#release():boolean	78580ff357c865463cdb	455	619	1085	280
METHOD_ENTRY	io.netty.util.AbstractReferenceCounted#release(int):boolean	e016d18487cd8ea5a7f5	413	552	976	234
METHOD_EXIT	io.netty.util.AsciiCaseInsensitiveCharEqualityComparator#equals(char,char):boolean	3a49a9e839b67657fcc2	455	477	943	190
METHOD_ENTRY	io.netty.util.AsciiCaseInsensitiveCharEqualityComparator#equals(char,char):boolean	96a08905a363ab057f09	413	400	824	113
METHOD_EXIT	io.netty.util.DefaultCharEqualityComparator#equals(char,char):boolean	691c12d24998535a8aa5	455	474	940	169
METHOD_EXIT	io.netty.util.AbstractReferenceCounted#release(int):boolean	e28f0058a1be0b6874d7	455	629	1095	261
METHOD_ENTRY	io.netty.util.AbstractReferenceCounted#handleRelease(boolean):boolean	ce26001e32962b578082	413	615	1039	254
METHOD_EXIT	io.netty.util.AbstractReferenceCounted#handleRelease(boolean):boolean	828a3b7ada6d8cf0ce4e	455	626	1092	204
METHOD_ENTRY	io.netty.util.NetUtilSubstitutions#get():Inet4Address	f2addb5a55035379c80a	413	468	892	275
METHOD_EXIT	io.netty.util.NetUtilSubstitutions#get():Inet4Address	6a2d5db1df1c30da99d7	455	544	1010	162
METHOD_EXIT	io.netty.util.NetUtilSubstitutions#set(Inet4Address):void	c1a77e67160dcba52f92	455	475	941	59
METHOD_ENTRY	io.netty.util.NetUtilSubstitutions#set(Inet4Address):void	967b91a0db387d8b37c5	413	464	888	227
METHOD_ENTRY	io.netty.util.GeneralCaseInsensitiveCharEqualityComparator#equals(char,char):boolean	fb1bcb00de57ff3facd2	413	399	823	258
METHOD_EXIT	io.netty.util.NetUtilSubstitutions#get():Inet6Address	14c6fc1f8909e3da7597	455	544	1010	311
METHOD_EXIT	io.netty.util.NetUtilSubstitutions#set(Inet6Address):void	20d669713d4630a2ce44	455	475	941	194
METHOD_ENTRY	io.netty.util.NetUtilSubstitutions#get():InetAddress	d2cb4adad12d1921e4b9	413	464	888	235
METHOD_EXIT	io.netty.util.NetUtilSubstitutions#get():InetAddress	98a7bebeaa97c39eb5da	455	539	1005	160
METHOD_EXIT	io.netty.util.NetUtilSubstitutions#set(InetAddress):void	06f16a3242b9edad3107	455	472	938	87
METHOD_ENTRY	io.netty.util.NetUtilSubstitutions#set(InetAddress):void	0389884ec7187c79fde5	413	461	885	316
METHOD_ENTRY	io.netty.util.NetUtilSubstitutions#set(Inet6Address):void	d75305be25dc15b216b1	413	464	888	275
METHOD_ENTRY	io.netty.util.NetUtilSubstitutions#get():Inet6Address	640b9f79a439fb1832df	413	468	892	113
METHOD_ENTRY	io.netty.util.NetUtilSubstitutions#get():Collection<NetworkInterface>	dbea8d847d5ad5422d02	413	472	896	60
METHOD_EXIT	io.netty.util.NetUtilSubstitutions#get():Collection<NetworkInterface>	86f4bc0d7dc8bd568953	455	549	1015	226
METHOD_ENTRY	io.netty.util.NetUtilSubstitutions#set(Collection<NetworkInterface>):void	1eb6d79828c7925717e6	413	466	890	104
METHOD_EXIT	io.netty.util.NetUtilLocalhost4Accessor#get():Inet4Address	966f4e7ddc4a5a8e7418	455	486	952	231
METHOD_ENTRY	io.netty.util.NetUtilLocalhost4Accessor#get():Inet4Address	65c8949eaeec06d5f7f2	413	410	834	89
METHOD_EXIT	io.netty.util.NetUtilSubstitutions#set(Collection<NetworkInterface>):void	9fe73b9435d4c2300f8f	455	477	943	166
METHOD_ENTRY	io.netty.util.NetUtilLocalhost4Accessor#set(Inet4Address):void	c7c8191a9ef703f7a9da	413	406	830	134
METHOD_EXIT	io.netty.util.NetUtilLocalhost4Accessor#set(Inet4Address):void	02ea6a30be13abcb05f7	455	417	883	198
METHOD_ENTRY	io.netty.util.NetUtilLocalhost6Accessor#get():Inet6Address	dfc5f9b03c8ed083c0b5	413	410	834	128
METHOD_ENTRY	io.netty.util.NetUtilLocalhost6Accessor#set(Inet6Address):void	7407410aebacb027cf69	413	406	830	182
METHOD_EXIT	io.netty.util.NetUtilLocalhost6Accessor#get():Inet6Address	68be578a0cebdb4e7956	455	486	952	264
METHOD_EXIT	io.netty.util.NetUtilLocalhost6Accessor#set(Inet6Address):void	7f64047fb4dc7d96fdf6	455	417	883	268
METHOD_ENTRY	io.netty.util.NetUtilLocalhostAccessor#get():InetAddress	9314693849ca093fe9c1	413	405	829	143
METHOD_EXIT	io.netty.util.NetUtilLocalhostAccessor#get():InetAddress	6fc523dbc6bc77752286	455	480	946	370
METHOD_ENTRY	io.netty.util.NetUtilLocalhostAccessor#set(InetAddress):void	4436380e20f39e00377e	413	402	826	90
METHOD_EXIT	io.netty.util.NetUtilLocalhostAccessor#set(InetAddress):void	d749271a535a87641189	455	413	879	345
METHOD_ENTRY	io.netty.util.NetUtilNetworkInterfacesAccessor#get():Collection<NetworkInterface>	1be6417229ca27f11734	413	413	837	66
METHOD_EXIT	io.netty.util.NetUtilNetworkInterfacesAccessor#get():Collection<NetworkInterface>	9436aa173c80b33c8b63	455	490	956	206
METHOD_ENTRY	io.netty.util.NetUtilNetworkInterfacesAccessor#set(Collection<NetworkInterface>):void	9c8e6c3ed5b9c6f58c1e	413	407	831	220
METHOD_EXIT	io.netty.util.NetUtilNetworkInterfacesAccessor#set(Collection<NetworkInterface>):void	fc7d6eea06bb6adcef61	455	418	884	210
METHOD_EXIT	io.netty.util.ResourceLeakException#hashCode():int	f9a2ed1e1ef4b46b1176	455	557	1023	298
METHOD_ENTRY	io.netty.util.ResourceLeakException#hashCode():int	f6eafb71a5714669a58d	413	483	907	192
METHOD_ENTRY	io.netty.util.ResourceLeakException#equals(Object):boolean	0b4d17a3f8633787e8ba	413	494	918	309
METHOD_ENTRY	io.netty.util.AttributeKey#newConstant(int,String):AttributeKey<Object>	804e591d376822bb9389	413	583	1007	236
METHOD_EXIT	io.netty.util.ResourceLeakException#equals(Object):boolean	1bcc3d27b6d2df014d95	455	571	1037	278
METHOD_ENTRY	io.netty.util.AttributeKey#valueOf(String):AttributeKey<T>	724494170f0c92d0d9b4	413	623	1047	288
METHOD_EXIT	io.netty.util.AttributeKey#newConstant(int,String):AttributeKey<Object>	b1ed42c8bab3f606de5e	455	594	1060	271
METHOD_EXIT	io.netty.util.AttributeKey#valueOf(String):AttributeKey<T>	9e8d880c06a4e8133419	455	702	1168	245
METHOD_ENTRY	io.netty.util.AttributeKey#exists(String):boolean	cd32895daef8129bc3b4	413	600	1024	214
METHOD_EXIT	io.netty.util.AttributeKey#exists(String):boolean	067cf0d35da9cedca534	455	677	1143	267
METHOD_ENTRY	io.netty.util.AttributeKey#newInstance(String):AttributeKey<T>	b2c5c47a10717289ef11	413	623	1047	248
METHOD_ENTRY	io.netty.util.AttributeKey#valueOf(Class<?>,String):AttributeKey<T>	959984f6c4319c81618c	413	650	1074	268
METHOD_EXIT	io.netty.util.GeneralCaseInsensitiveCharEqualityComparator#equals(char,char):boolean	ec981176c92af91ba64a	455	476	942	146
METHOD_EXIT	io.netty.util.AttributeKey#newInstance(String):AttributeKey<T>	ae624ecae85f5d69385c	455	702	1168	222
METHOD_EXIT	io.netty.util.CharsetUtil#values():Charset[]	e7d23ccae0757ee3463c	455	1000	1466	237
METHOD_ENTRY	io.netty.util.CharsetUtil#values():Charset[]	f03235f0d1a5054a8009	413	926	1350	305
METHOD_ENTRY	io.netty.util.CharsetUtil#getEncoder(Charset):CharsetEncoder	074bc9030817f2b03b7b	413	939	1363	194
METHOD_EXIT	io.netty.util.CharsetUtil#getEncoder(Charset):CharsetEncoder	51bd8dc03b3cd0fae0f3	455	1017	1483	230
METHOD_EXIT	io.netty.util.AttributeKey#valueOf(Class<?>,String):AttributeKey<T>	7edc98ee4f9e1735a49e	455	729	1195	302
METHOD_ENTRY	io.netty.util.CharsetUtil#encoder(Charset,CodingErrorAction,CodingErrorAction):CharsetEncoder	ba6a76e36f52490b885e	413	1015	1439	236
METHOD_EXIT	io.netty.util.CharsetUtil#encoder(Charset,CodingErrorAction):CharsetEncoder	b6e1e173f8c101d24ae1	455	1040	1506	272
METHOD_ENTRY	io.netty.util.CharsetUtil#encoder(Charset):CharsetEncoder	76970b7e709ded93f684	413	1039	1463	290
METHOD_EXIT	io.netty.util.CharsetUtil#encoder(Charset):CharsetEncoder	35e4d7d621b400dc540a	455	1117	1583	303
METHOD_EXIT	io.netty.util.CharsetUtil#encoder(Charset,CodingErrorAction,CodingErrorAction):CharsetEncoder	6656ce7df5234ab14022	455	1093	1559	250
METHOD_ENTRY	io.netty.util.CharsetUtil#getDecoder(Charset):CharsetDecoder	df74abb35d63c9f4397d	413	939	1363	244
METHOD_ENTRY	io.netty.util.CharsetUtil#decoder(Charset,CodingErrorAction,CodingErrorAction):CharsetDecoder	eafd6a6f530370d7d661	413	1015	1439	251
METHOD_ENTRY	io.netty.util.CharsetUtil#encoder(Charset,CodingErrorAction):CharsetEncoder	37f5f28c32d012f07149	413	962	1386	173
METHOD_EXIT	io.netty.util.CharsetUtil#getDecoder(Charset):CharsetDecoder	767e03fbbaa411a78458	455	1017	1483	284
METHOD_ENTRY	io.netty.util.CharsetUtil#decoder(Charset,CodingErrorAction):CharsetDecoder	c5fedb62cb730d0af450	413	962	1386	221
METHOD_EXIT	io.netty.util.CharsetUtil#decoder(Charset,CodingErrorAction,CodingErrorAction):CharsetDecoder	4c874a3183184ad5101b	455	1093	1559	320
METHOD_EXIT	io.netty.util.CharsetUtil#decoder(Charset,CodingErrorAction):CharsetDecoder	b7bb5e6f0defe1ed1d07	455	1040	1506	265
METHOD_EXIT	io.netty.util.CharsetUtil#decoder(Charset):CharsetDecoder	85ae40bac0bc7c3513cb	455	1117	1583	249
METHOD_ENTRY	io.netty.util.ThreadDeathWatcher#watch(Thread,Runnable):void	b4d7e0437bb4bbfa1971	413	826	1250	117
METHOD_EXIT	io.netty.util.ThreadDeathWatcher#watch(Thread,Runnable):void	b0baa1d337c86a1f74b7	455	837	1303	250
METHOD_ENTRY	io.netty.util.ThreadDeathWatcher#unwatch(Thread,Runnable):void	fe94250398abf0e5de9d	413	802	1226	182
METHOD_ENTRY	io.netty.util.CharsetUtil#decoder(Charset):CharsetDecoder	4b6e6802c6ea15ed3475	413	1039	1463	161
METHOD_EXIT	io.netty.util.ThreadDeathWatcher#unwatch(Thread,Runnable):void	624bc086d879a95b8b08	455	813	1279	154
METHOD_ENTRY	io.netty.util.ThreadDeathWatcher#schedule(Thread,Runnable,boolean):void	24116e1f0c23e4a666eb	413	948	1372	171
METHOD_EXIT	io.netty.util.ThreadDeathWatcher#schedule(Thread,Runnable,boolean):void	31a2fbc6295a2166d498	455	959	1425	255
METHOD_ENTRY	io.netty.util.ThreadDeathWatcher#run():Void	ee747b3b0d8fb8cfd497	413	747	1171	163
METHOD_EXIT	io.netty.util.ThreadDeathWatcher#run():Void	645740d1c5dc318a525c	455	758	1224	220
METHOD_ENTRY	io.netty.util.ThreadDeathWatcher#awaitInactivity(long,TimeUnit):boolean	fd0e6b9cbc343fc7c148	413	845	1269	207
METHOD_EXIT	io.netty.util.ThreadDeathWatcher#awaitInactivity(long,TimeUnit):boolean	a2e58af9a99770d74000	455	922	1388	382
METHOD_ENTRY	io.netty.util.ThreadDeathWatcher#fetchWatchees():void	d332f63c648028d370ff	413	819	1243	287
METHOD_EXIT	io.netty.util.ThreadDeathWatcher#run():void	056c60a53078250a6007	455	1135	1601	265
METHOD_EXIT	io.netty.util.ThreadDeathWatcher#fetchWatchees():void	091a3690dd0a3783ec28	455	830	1296	195
METHOD_EXIT	io.netty.util.ThreadDeathWatcher#notifyWatchees():void	153a1c13c0b17b6fe86e	455	874	1340	333
METHOD_ENTRY	io.netty.util.ThreadDeathWatcher#run():void	2fa408ba5acb25563030	413	1124	1548	221
METHOD_ENTRY	io.netty.util.Watcher#run():void	d2a388ab58514982cda9	413	738	1162	5
METHOD_EXIT	io.netty.util.ThreadDeathWatcher#equals(Object):boolean	f89285088ed487cc1302	455	892	1358	245
METHOD_EXIT	io.netty.util.ThreadDeathWatcher#hashCode():int	3a815751ec724879f99a	455	848	1314	304
METHOD_ENTRY	io.netty.util.ThreadDeathWatcher#equals(Object):boolean	d0e4b53f6689dcdb70df	413	815	1239	246
METHOD_EXIT	io.netty.util.Watcher#run():void	5d9be838a072bfa480c9	455	749	1215	386
METHOD_EXIT	io.netty.util.Watcher#fetchWatchees():void	72abbcc2d8c924756d61	455	444	910	256
METHOD_ENTRY	io.netty.util.Watcher#notifyWatchees():void	888d8b26663695db3d8f	413	477	901	266
METHOD_EXIT	io.netty.util.Watcher#notifyWatchees():void	34e69d843aff708316ad	455	488	954	282
METHOD_ENTRY	io.netty.util.Watcher#fetchWatchees():void	3d93aa8bd90fbdef54ed	413	433	857	239
METHOD_EXIT	io.netty.util.Entry#hashCode():int	98c3476612cee72cbd10	455	461	927	239
METHOD_ENTRY	io.netty.util.Entry#hashCode():int	a35c72d3fb9eabad0d29	413	387	811	243
METHOD_ENTRY	io.netty.util.Entry#equals(Object):boolean	87fdab8cb4151277939e	413	428	852	272
METHOD_EXIT	io.netty.util.Entry#equals(Object):boolean	32eb68d12900832a6513	455	505	971	375
METHOD_ENTRY	io.netty.util.ThreadDeathWatcher#notifyWatchees():void	97273d7837b38a5f6b67	413	863	1287	28703
METHOD_ENTRY	io.netty.util.ThreadDeathWatcher#hashCode():int	c94ededf41088720a4b5	413	774	1198	2063
METHOD_ENTRY	io.netty.util.ResourceLeakDetector#setEnabled(boolean):void	96c7ada46f9c8a0cdbb4	413	1224	1648	291
METHOD_ENTRY	io.netty.util.ResourceLeakDetector#parseLevel(String):Level	cb5c02d7ff1b443e3f72	413	1191	1615	233
METHOD_EXIT	io.netty.util.ResourceLeakDetector#setEnabled(boolean):void	80d79fc2fed436f1821c	455	1235	1701	306
METHOD_EXIT	io.netty.util.ResourceLeakDetector#isEnabled():boolean	aed5fe5cfdd42dd6e54e	455	1290	1756	295
METHOD_ENTRY	io.netty.util.ResourceLeakDetector#isEnabled():boolean	12c61610b57c6e91282b	413	1216	1640	272
METHOD_EXIT	io.netty.util.ResourceLeakDetector#parseLevel(String):Level	c86cb871141ff03800ae	455	1202	1668	312
METHOD_ENTRY	io.netty.util.ResourceLeakDetector#getLevel():Level	cdc1ca8b9662a6679898	413	1206	1630	165
METHOD_ENTRY	io.netty.util.ResourceLeakDetector#setLevel(Level):void	d3fa8af8bed700c5ef72	413	1223	1647	199
METHOD_EXIT	io.netty.util.ResourceLeakDetector#setLevel(Level):void	a472681733c0faca0281	455	1234	1700	317
METHOD_EXIT	io.netty.util.ResourceLeakDetector#getLevel():Level	049a47c39f6c890a7e27	455	1280	1746	293
METHOD_ENTRY	io.netty.util.ResourceLeakDetector#open(T):ResourceLeak	4c88db13e4a6b820d4e6	413	1220	1644	261
METHOD_EXIT	io.netty.util.ResourceLeakDetector#open(T):ResourceLeak	b6cd29597f1334bfb4d4	455	1298	1764	325
METHOD_ENTRY	io.netty.util.ResourceLeakDetector#track(T):ResourceLeakTracker<T>	731a1e576d47cd143e98	413	1221	1645	225
METHOD_ENTRY	io.netty.util.ResourceLeakDetector#isRecordEnabled():boolean	b393f46091ae56e58259	413	1237	1661	279
METHOD_EXIT	io.netty.util.ResourceLeakDetector#trackForcibly(T):ResourceLeakTracker<T>	f6b3ee992c7b9b023cf5	455	1307	1773	235
METHOD_ENTRY	io.netty.util.ResourceLeakDetector#track0(T,boolean):DefaultResourceLeak<T>	90c20e906d0673efe6bb	413	1303	1727	219
METHOD_EXIT	io.netty.util.ResourceLeakDetector#track0(T,boolean):DefaultResourceLeak<T>	312f6738257db54056e1	455	1383	1849	351
METHOD_EXIT	io.netty.util.ResourceLeakDetector#isRecordEnabled():boolean	f92a8a511c96e69ad437	455	1311	1777	307
METHOD_EXIT	io.netty.util.ResourceLeakDetector#track(T):ResourceLeakTracker<T>	6684b3a2e07846d61ac8	455	1301	1767	228
METHOD_ENTRY	io.netty.util.ResourceLeakDetector#clearRefQueue():void	e78862231f88ae5be24c	413	1243	1667	320
METHOD_ENTRY	io.netty.util.ResourceLeakDetector#trackForcibly(T):ResourceLeakTracker<T>	7353c9c9917aaf51c6f1	413	1227	1651	270
METHOD_EXIT	io.netty.util.ResourceLeakDetector#clearRefQueue():void	241943d2e644ed90457f	455	1254	1720	242
METHOD_ENTRY	io.netty.util.ResourceLeakDetector#needReport():boolean	2000ababf6bd174a7704	413	1209	1633	124
METHOD_EXIT	io.netty.util.ResourceLeakDetector#needReport():boolean	d6747b74c06938be539d	455	1283	1749	144
METHOD_ENTRY	io.netty.util.ResourceLeakDetector#reportLeak():void	2ab7575687d2723f9b6b	413	1356	1780	199
METHOD_EXIT	io.netty.util.ResourceLeakDetector#reportLeak():void	1fa01201fd156b8ae27b	455	1367	1833	302
METHOD_EXIT	io.netty.util.ResourceLeakDetector#reportTracedLeak(String,String):void	b4fd396e0e990b8495aa	455	1284	1750	322
METHOD_EXIT	io.netty.util.ResourceLeakDetector#reportUntracedLeak(String):void	e3404286682847eca6b9	455	1336	1802	315
METHOD_ENTRY	io.netty.util.ResourceLeakDetector#getInitialHint(String):Object	28ac29ed73cc68393c2e	413	1214	1638	233
METHOD_EXIT	io.netty.util.ResourceLeakDetector#reportInstancesLeak(String):void	cb4c070ea39d693d72e3	455	1226	1692	257
METHOD_ENTRY	io.netty.util.ResourceLeakDetector#reportInstancesLeak(String):void	c9a9f48981993082414a	413	1215	1639	241
METHOD_ENTRY	io.netty.util.ResourceLeakDetector#reportTracedLeak(String,String):void	8d1232ef704a1e810500	413	1273	1697	237
METHOD_EXIT	io.netty.util.ResourceLeakDetector#getInitialHint(String):Object	f18f102ef462c4db25d6	455	1291	1757	88
METHOD_ENTRY	io.netty.util.ResourceLeakDetector#reportUntracedLeak(String):void	8e9373cc688cb98bf98e	413	1325	1749	274
METHOD_ENTRY	io.netty.util.ResourceLeakDetector#setLeakListener(LeakListener):void	c939488a59c018c8bb26	413	1224	1648	118
METHOD_EXIT	io.netty.util.ResourceLeakDetector#setLeakListener(LeakListener):void	c3b1e4dc6eb0acc0f0a5	455	1235	1701	290
METHOD_EXIT	io.netty.util.ResourceLeakDetector#record():void	1db56d86aea3a435df4f	455	1219	1685	189
METHOD_ENTRY	io.netty.util.ResourceLeakDetector#record():void	aa0c87a1ba28cac559b7	413	1208	1632	201
METHOD_ENTRY	io.netty.util.ResourceLeakDetector#record(Object):void	92bdde53104be61e8596	413	1214	1638	92
METHOD_ENTRY	io.netty.util.ResourceLeakDetector#record0(Object):void	6ea609c8b7f16b0e8323	413	1458	1882	196
METHOD_ENTRY	io.netty.util.ResourceLeakDetector#dispose():boolean	c8324a2f470fd8f8e892	413	1209	1633	180
METHOD_EXIT	io.netty.util.ResourceLeakDetector#dispose():boolean	bd255f57b1f1fcad1e44	455	1283	1749	250
METHOD_EXIT	io.netty.util.ResourceLeakDetector#record(Object):void	77fd9398930c440d0cf1	455	1225	1691	281
METHOD_EXIT	io.netty.util.ResourceLeakDetector#record0(Object):void	57bcea80c41c6e09d985	455	1469	1935	243
METHOD_ENTRY	io.netty.util.ResourceLeakDetector#close():boolean	cb40f8e30d6eaf502139	413	1255	1679	269
METHOD_EXIT	io.netty.util.ResourceLeakDetector#close():boolean	8e05a614b3b598c00aac	455	1329	1795	320
METHOD_ENTRY	io.netty.util.ResourceLeakDetector#close(T):boolean	0b5446d06818e735785a	413	1346	1770	221
METHOD_EXIT	io.netty.util.ResourceLeakDetector#close(T):boolean	70346d227942cf5dcd5e	455	1423	1889	268
METHOD_ENTRY	io.netty.util.ResourceLeakDetector#reachabilityFence0(Object):void	c3ed3bbb374b53531e51	413	1269	1693	284
METHOD_EXIT	io.netty.util.ResourceLeakDetector#reachabilityFence0(Object):void	883bde79d2182a457f54	455	1280	1746	177
METHOD_EXIT	io.netty.util.ResourceLeakDetector#getCloseStackTraceIfAny():Throwable	ccb1e36106079f6a7aee	455	1326	1792	360
METHOD_ENTRY	io.netty.util.ResourceLeakDetector#toString():String	ef01687fb01a85db9573	413	1223	1647	196
METHOD_EXIT	io.netty.util.ResourceLeakDetector#toString():String	5320bc6a4e5e3a7c6d1f	455	1297	1763	283
METHOD_ENTRY	io.netty.util.ResourceLeakDetector#getReportAndClearRecords():String	0edecc1a76b9c9dac36c	413	1228	1652	199
METHOD_EXIT	io.netty.util.ResourceLeakDetector#getReportAndClearRecords():String	de766e577aba3ae46d39	455	1302	1768	262
METHOD_ENTRY	io.netty.util.ResourceLeakDetector#generateReport(TraceRecord):String	bcdf339a401fb00d29f6	413	1575	1999	293
METHOD_ENTRY	io.netty.util.ResourceLeakDetector#getCloseStackTraceIfAny():Throwable	0979458529f160653399	413	1252	1676	329
METHOD_EXIT	io.netty.util.ResourceLeakDetector#generateReport(TraceRecord):String	9f30dd8bddf922d5bb51	455	1652	2118	215
METHOD_ENTRY	io.netty.util.ResourceLeakDetector#addExclusions(Class,String):void	c1c7229a2c9a35bcc6f0	413	1464	1888	265
METHOD_EXIT	io.netty.util.ResourceLeakDetector#addExclusions(Class,String):void	3bb03ac6fc513d773387	455	1475	1941	335
METHOD_ENTRY	io.netty.util.ResourceLeakDetector#fillInStackTrace():Throwable	bf94fb8715d70c90234a	413	1192	1616	123
METHOD_EXIT	io.netty.util.ResourceLeakDetector#fillInStackTrace():Throwable	cf517b2c64acd3178b15	455	1203	1669	241
METHOD_EXIT	io.netty.util.ResourceLeakDetector#toString():String	5320bc6a4e5e3a7c6d1f	455	1297	1763	283
METHOD_ENTRY	io.netty.util.ResourceLeakDetector#toString():String	ef01687fb01a85db9573	413	1223	1647	196
METHOD_EXIT	io.netty.util.DefaultResourceLeak#record():void	2de7a3301d51934d5e4c	455	392	858	5
METHOD_ENTRY	io.netty.util.DefaultResourceLeak#record():void	24e69779a16a3d2caf30	413	381	805	5
METHOD_EXIT	io.netty.util.DefaultResourceLeak#record(Object):void	a03d7970c2e2f3d93df1	455	398	864	217
METHOD_ENTRY	io.netty.util.DefaultResourceLeak#record(Object):void	88be2aa3d545a2fa193f	413	387	811	256
METHOD_ENTRY	io.netty.util.DefaultResourceLeak#record0(Object):void	619f15ecbb731747c45b	413	631	1055	295
METHOD_EXIT	io.netty.util.DefaultResourceLeak#record0(Object):void	796d2100a768929a6e5d	455	642	1108	277
METHOD_ENTRY	io.netty.util.DefaultResourceLeak#dispose():boolean	7131203c71837b6eecc0	413	382	806	52
METHOD_EXIT	io.netty.util.DefaultResourceLeak#dispose():boolean	2c19c5048f39845c5d90	455	456	922	192
METHOD_ENTRY	io.netty.util.DefaultResourceLeak#close():boolean	9f70fef4bbfce6829910	413	428	852	193
METHOD_ENTRY	io.netty.util.DefaultResourceLeak#close(T):boolean	cdb3b17681d45e099239	413	519	943	202
METHOD_EXIT	io.netty.util.DefaultResourceLeak#close(T):boolean	67a8086daed63173d2a5	455	596	1062	249
METHOD_ENTRY	io.netty.util.DefaultResourceLeak#reachabilityFence0(Object):void	92acf647c9a351d33f67	413	442	866	239
METHOD_ENTRY	io.netty.util.DefaultResourceLeak#getCloseStackTraceIfAny():Throwable	fbdd843586ead4de94b4	413	425	849	173
METHOD_EXIT	io.netty.util.DefaultResourceLeak#reachabilityFence0(Object):void	545fa586d6f5753157d4	455	453	919	193
METHOD_EXIT	io.netty.util.DefaultResourceLeak#close():boolean	164b3216ec418fede982	455	502	968	363
METHOD_ENTRY	io.netty.util.DefaultResourceLeak#toString():String	d832a279cfd65dc8a254	413	396	820	193
METHOD_EXIT	io.netty.util.DefaultResourceLeak#getCloseStackTraceIfAny():Throwable	06b08ad557b61a8c7f9c	455	499	965	254
METHOD_EXIT	io.netty.util.DefaultResourceLeak#toString():String	2ddffbbe62b2483c9013	455	470	936	210
METHOD_ENTRY	io.netty.util.DefaultResourceLeak#getReportAndClearRecords():String	606df463f192b634b4df	413	401	825	207
METHOD_ENTRY	io.netty.util.BooleanSupplier#get():boolean	5e33602142b6f811fdc6	413	433	857	5
METHOD_EXIT	io.netty.util.DefaultResourceLeak#getReportAndClearRecords():String	cf1eb7c2439ce064b9a9	455	475	941	264
METHOD_EXIT	io.netty.util.BooleanSupplier#get():boolean	3dbbbf09d34460fb65dd	455	444	910	93
METHOD_ENTRY	io.netty.util.BooleanSupplier#get():boolean	5e33602142b6f811fdc6	413	433	857	5
METHOD_EXIT	io.netty.util.BooleanSupplier#get():boolean	3dbbbf09d34460fb65dd	455	444	910	93
METHOD_ENTRY	io.netty.util.DefaultResourceLeak#generateReport(TraceRecord):String	aab940d4a894fa01950c	413	748	1172	311
METHOD_ENTRY	io.netty.util.ConstantPool#valueOf(Class<?>,String):T	e81a1166333cc85a7437	413	775	1199	238
METHOD_EXIT	io.netty.util.TraceRecord#fillInStackTrace():Throwable	66fc0ad7c0653925f540	455	378	844	93
METHOD_EXIT	io.netty.util.DefaultResourceLeak#generateReport(TraceRecord):String	27ce791420f171b337d1	455	825	1291	335
METHOD_EXIT	io.netty.util.ConstantPool#valueOf(Class<?>,String):T	9275751e0be1aa59e124	455	852	1318	305
METHOD_ENTRY	io.netty.util.TraceRecord#toString():String	e727a835b1445f3cf8d0	413	395	819	169
METHOD_ENTRY	io.netty.util.ConstantPool#valueOf(String):T	bdeb5bed99333867fb04	413	729	1153	238
METHOD_EXIT	io.netty.util.ConstantPool#valueOf(String):T	472f383cc88fcdc75c97	455	806	1272	222
METHOD_ENTRY	io.netty.util.ConstantPool#getOrCreate(String):T	f563581bed975f99cb46	413	779	1203	248
METHOD_ENTRY	io.netty.util.ConstantPool#exists(String):boolean	2199ed717d76b0f0d0dd	413	727	1151	259
METHOD_EXIT	io.netty.util.ConstantPool#getOrCreate(String):T	47bcc77e94c901db5056	455	856	1322	258
METHOD_EXIT	io.netty.util.TraceRecord#toString():String	1ec18d6b087ba1c9c9c2	455	469	935	193
METHOD_ENTRY	io.netty.util.ConstantPool#newInstance(String):T	74ad229290a395430896	413	729	1153	256
METHOD_EXIT	io.netty.util.ConstantPool#exists(String):boolean	f2ff397b7aeff7de7b6a	455	804	1270	267
METHOD_EXIT	io.netty.util.ConstantPool#newInstance(String):T	63f0460a78f1630aaf3b	455	806	1272	296
METHOD_ENTRY	io.netty.util.ConstantPool#createOrThrow(String):T	c692ae266df555f2952e	413	794	1218	222
METHOD_EXIT	io.netty.util.ConstantPool#createOrThrow(String):T	5a747cd931109575af89	455	871	1337	292
METHOD_ENTRY	io.netty.util.ConstantPool#nextId():int	66fb6733c49aa4480c49	413	724	1148	93
METHOD_ENTRY	io.netty.util.DomainMappingBuilder#add(String,V):DomainMappingBuilder<V>	a42a901f44cb802de824	413	664	1088	298
METHOD_EXIT	io.netty.util.DomainMappingBuilder#add(String,V):DomainMappingBuilder<V>	f40ab149aff725a85163	455	744	1210	184
METHOD_ENTRY	io.netty.util.TraceRecord#fillInStackTrace():Throwable	39c0793a84c8feb4e269	413	367	791	81
METHOD_EXIT	io.netty.util.ConstantPool#nextId():int	b01d2d5e041a4804a2bb	455	798	1264	142
METHOD_ENTRY	io.netty.util.DomainMappingBuilder#build():DomainNameMapping<V>	db976eaca70e664d324f	413	643	1067	77
METHOD_EXIT	io.netty.util.DomainMappingBuilder#build():DomainNameMapping<V>	1493cc3c204a4048df1a	455	720	1186	314
METHOD_ENTRY	io.netty.util.HashedWheelTimer#finalize():void	895c423e60c0552d66de	413	1345	1769	262
METHOD_ENTRY	io.netty.util.HashedWheelTimer#createWheel(int):HashedWheelBucket[]	b574961c1395c532fd1c	413	1328	1752	267
METHOD_EXIT	io.netty.util.HashedWheelTimer#start():void	1f79c47bf0500d3de5ad	455	1417	1883	285
METHOD_ENTRY	io.netty.util.HashedWheelTimer#stop():Set<Timeout>	c2571f6e5f0bf4484f8a	413	1584	2008	287
METHOD_EXIT	io.netty.util.HashedWheelTimer#finalize():void	9797030e1d9c3808711a	455	1356	1822	308
METHOD_EXIT	io.netty.util.HashedWheelTimer#createWheel(int):HashedWheelBucket[]	71c82d9b2b7da5791a6b	455	1408	1874	302
METHOD_EXIT	io.netty.util.HashedWheelTimer#stop():Set<Timeout>	276c7735e3727c92f9ed	455	1660	2126	310
METHOD_ENTRY	io.netty.util.HashedWheelTimer#start():void	8d167c27d27261325f43	413	1406	1830	269
METHOD_EXIT	io.netty.util.HashedWheelTimer#newTimeout(TimerTask,long,TimeUnit):Timeout	4a76d11a26fd3a219bce	455	1583	2049	256
METHOD_EXIT	io.netty.util.HashedWheelTimer#pendingTimeouts():long	db7168a0cabf55b1764a	455	1324	1790	171
METHOD_ENTRY	io.netty.util.HashedWheelTimer#run():void	8a46c83df1fcc6d602a7	413	1512	1936	69
METHOD_ENTRY	io.netty.util.HashedWheelTimer#pendingTimeouts():long	84fa8ce190a6109dfa21	413	1250	1674	53
METHOD_ENTRY	io.netty.util.HashedWheelTimer#reportTooManyInstances():void	c5ce3b5f673c7a3500c4	413	1321	1745	272
METHOD_EXIT	io.netty.util.HashedWheelTimer#reportTooManyInstances():void	87801eaac431df5f9748	455	1332	1798	255
METHOD_ENTRY	io.netty.util.HashedWheelTimer#newTimeout(TimerTask,long,TimeUnit):Timeout	a1af4685e891c3e7a883	413	1506	1930	275
METHOD_ENTRY	io.netty.util.HashedWheelTimer#transferTimeoutsToBuckets():void	b68629c970d4349e1e65	413	1438	1862	236
METHOD_EXIT	io.netty.util.HashedWheelTimer#transferTimeoutsToBuckets():void	f7df530e0165117094ed	455	1449	1915	301
METHOD_ENTRY	io.netty.util.HashedWheelTimer#processCancelledTasks():void	dc5ac8890f7a1eb1b9b8	413	1325	1749	279
METHOD_EXIT	io.netty.util.HashedWheelTimer#processCancelledTasks():void	926269b5ebd1153e5bc8	455	1336	1802	268
METHOD_ENTRY	io.netty.util.HashedWheelTimer#unprocessedTimeouts():Set<Timeout>	48cee9628b78247be5f6	413	1261	1685	313
METHOD_EXIT	io.netty.util.HashedWheelTimer#waitForNextTick():long	7386f84c044e9913b13a	455	1580	2046	282
METHOD_ENTRY	io.netty.util.HashedWheelTimer#waitForNextTick():long	47f960aae0c910b7c916	413	1506	1930	311
METHOD_EXIT	io.netty.util.HashedWheelTimer#run():void	913e24c967544d3c97da	455	1523	1989	289
METHOD_ENTRY	io.netty.util.HashedWheelTimer#timer():Timer	c7bd24652049dba7be05	413	1246	1670	260
METHOD_EXIT	io.netty.util.HashedWheelTimer#unprocessedTimeouts():Set<Timeout>	264da6b75c7862ba7ada	455	1337	1803	226
METHOD_EXIT	io.netty.util.HashedWheelTimer#timer():Timer	9398092aceb749f84c96	455	1320	1786	179
METHOD_ENTRY	io.netty.util.HashedWheelTimer#task():TimerTask	66dd73ca8e543c8565ac	413	1248	1672	129
METHOD_EXIT	io.netty.util.HashedWheelTimer#task():TimerTask	1098fdaa4d61daf7de10	455	1323	1789	134
METHOD_ENTRY	io.netty.util.HashedWheelTimer#cancel():boolean	b308f19e78583aaa7b59	413	1369	1793	225
METHOD_EXIT	io.netty.util.HashedWheelTimer#cancel():boolean	fe8c3114a0b0035ab2f7	455	1443	1909	266
METHOD_ENTRY	io.netty.util.HashedWheelTimer#remove():void	d216bec371989d2327aa	413	1274	1698	238
METHOD_ENTRY	io.netty.util.HashedWheelTimer#removeAfterCancellation():void	4a30a5ec962c4d11cf8d	413	1251	1675	287
METHOD_ENTRY	io.netty.util.HashedWheelTimer#compareAndSetState(int,int):boolean	0b7fd41377b42191eee4	413	1274	1698	241
METHOD_EXIT	io.netty.util.HashedWheelTimer#removeAfterCancellation():void	009a54002d14b2fff5d0	455	1262	1728	86
METHOD_EXIT	io.netty.util.HashedWheelTimer#remove():void	54c294b604b78f1e39e8	455	1285	1751	168
METHOD_EXIT	io.netty.util.HashedWheelTimer#compareAndSetState(int,int):boolean	422d0492b83f032e2f3b	455	1351	1817	284
METHOD_ENTRY	io.netty.util.HashedWheelTimer#state():int	58e5577243a22f42d232	413	1243	1667	220
METHOD_EXIT	io.netty.util.HashedWheelTimer#state():int	84d585f1084b4e7d97c5	455	1317	1783	190
METHOD_EXIT	io.netty.util.HashedWheelTimer#isCancelled():boolean	02864d39c34fee96b2ca	455	1327	1793	198
METHOD_ENTRY	io.netty.util.HashedWheelTimer#isExpired():boolean	a4392950a6247ca04b39	413	1253	1677	268
METHOD_EXIT	io.netty.util.HashedWheelTimer#expire():void	c4a1bd46834d9c9bae56	455	1331	1797	218
METHOD_ENTRY	io.netty.util.HashedWheelTimer#expire():void	e79c300820359b624631	413	1320	1744	165
METHOD_EXIT	io.netty.util.HashedWheelTimer#isExpired():boolean	d1b980f11993eaec39c7	455	1327	1793	283
METHOD_ENTRY	io.netty.util.HashedWheelTimer#isCancelled():boolean	b27bf2e25dbc63e298fd	413	1253	1677	157
METHOD_ENTRY	io.netty.util.HashedWheelTimer#run():void	8a46c83df1fcc6d602a7	413	1512	1936	69
METHOD_EXIT	io.netty.util.HashedWheelTimer#run():void	913e24c967544d3c97da	455	1523	1989	289
METHOD_ENTRY	io.netty.util.HashedWheelTimer#addTimeout(HashedWheelTimeout):void	5740dbf334002361a459	413	1308	1732	252
METHOD_ENTRY	io.netty.util.HashedWheelTimer#toString():String	f070cc93fe8c7f5bc3e8	413	1395	1819	284
METHOD_EXIT	io.netty.util.HashedWheelTimer#toString():String	f5cc3f5a9b13ced84025	455	1469	1935	305
METHOD_ENTRY	io.netty.util.HashedWheelTimer#expireTimeouts(long):void	6246b77e7847c6ae5341	413	1383	1807	153
METHOD_EXIT	io.netty.util.HashedWheelTimer#addTimeout(HashedWheelTimeout):void	ffc7eddd1608f59cc3e0	455	1319	1785	250
METHOD_EXIT	io.netty.util.HashedWheelTimer#remove(HashedWheelTimeout):HashedWheelTimeout	834ab7a10358e1e58fad	455	1475	1941	311
METHOD_ENTRY	io.netty.util.HashedWheelTimer#remove(HashedWheelTimeout):HashedWheelTimeout	18885957e6701e5957b6	413	1395	1819	262
METHOD_ENTRY	io.netty.util.Worker#run():void	86ca364bf6c043f5e537	413	645	1069	311
METHOD_ENTRY	io.netty.util.HashedWheelTimer#clearTimeouts(Set<Timeout>):void	2a07e12596cdd9116b52	413	1307	1731	289
METHOD_EXIT	io.netty.util.HashedWheelTimer#clearTimeouts(Set<Timeout>):void	bc90d0c25754d41cd4d3	455	1318	1784	254
METHOD_ENTRY	io.netty.util.HashedWheelTimer#pollTimeout():HashedWheelTimeout	3af35ecb58328b7a8469	413	1350	1774	329
METHOD_EXIT	io.netty.util.HashedWheelTimer#pollTimeout():HashedWheelTimeout	733d3a6762be9c043e50	455	1427	1893	307
METHOD_EXIT	io.netty.util.HashedWheelTimer#expireTimeouts(long):void	98efbc711a3412ae6363	455	1394	1860	199
METHOD_EXIT	io.netty.util.Worker#run():void	5b1d3c70fde027d4459b	455	656	1122	307
METHOD_ENTRY	io.netty.util.Worker#transferTimeoutsToBuckets():void	e202de8f3a8861d6b815	413	571	995	5
METHOD_EXIT	io.netty.util.Worker#transferTimeoutsToBuckets():void	fad5489fb6e262004423	455	582	1048	79
METHOD_ENTRY	io.netty.util.Worker#waitForNextTick():long	f4d190e8c5cec099e00c	413	639	1063	34
METHOD_EXIT	io.netty.util.Worker#processCancelledTasks():void	1bdd844fc8f1d3188677	455	469	935	191
METHOD_EXIT	io.netty.util.Worker#waitForNextTick():long	a61fa3471f3070e309ce	455	713	1179	392
METHOD_EXIT	io.netty.util.Worker#unprocessedTimeouts():Set<Timeout>	c63ff8bb8060d85b16cb	455	470	936	261
METHOD_ENTRY	io.netty.util.HashedWheelTimeout#timer():Timer	fc6d930bf71095a1bc37	413	381	805	49
METHOD_EXIT	io.netty.util.HashedWheelTimeout#timer():Timer	0407ede27d6e331ce245	455	455	921	136
METHOD_ENTRY	io.netty.util.Worker#unprocessedTimeouts():Set<Timeout>	00bfa226b6cbb8aacac5	413	394	818	171
METHOD_EXIT	io.netty.util.HashedWheelTimeout#task():TimerTask	9adb87741f9818ef9ea1	455	458	924	84
METHOD_ENTRY	io.netty.util.HashedWheelTimeout#task():TimerTask	528ed09eb2572457ca83	413	383	807	38
METHOD_ENTRY	io.netty.util.HashedWheelTimeout#cancel():boolean	c2f513d2bf54bf6e4042	413	504	928	252
METHOD_ENTRY	io.netty.util.HashedWheelTimeout#remove():void	7b7cebc27e389d3af727	413	409	833	212
METHOD_EXIT	io.netty.util.HashedWheelTimeout#cancel():boolean	a32e20baf1bba3c2b390	455	578	1044	303
METHOD_ENTRY	io.netty.util.Worker#processCancelledTasks():void	01eb47ad178db7e1fc2c	413	458	882	275
METHOD_EXIT	io.netty.util.HashedWheelTimeout#remove():void	0f1a0400e53df84dd8c6	455	420	886	178
METHOD_EXIT	io.netty.util.HashedWheelTimeout#removeAfterCancellation():void	058bcc360fe2f43c6374	455	397	863	88
METHOD_ENTRY	io.netty.util.HashedWheelTimeout#compareAndSetState(int,int):boolean	5c250bc6e805295fb811	413	409	833	253
METHOD_EXIT	io.netty.util.HashedWheelTimeout#compareAndSetState(int,int):boolean	bb0711397baf46c48605	455	486	952	308
METHOD_ENTRY	io.netty.util.HashedWheelTimeout#removeAfterCancellation():void	c4aac4282b8ac6a100dd	413	386	810	5
METHOD_ENTRY	io.netty.util.HashedWheelTimeout#state():int	7e22da528f59d1a46ce4	413	378	802	153
METHOD_EXIT	io.netty.util.HashedWheelTimeout#state():int	91ed4f8f1881c0be82ca	455	452	918	82
METHOD_EXIT	io.netty.util.HashedWheelTimeout#isCancelled():boolean	32fdf939696f6a8c6b38	455	462	928	230
METHOD_ENTRY	io.netty.util.HashedWheelTimeout#isCancelled():boolean	3606f1fdc01d393efd41	413	388	812	211
METHOD_EXIT	io.netty.util.HashedWheelTimeout#isExpired():boolean	62000d3ecfcca0292b7e	455	462	928	48
METHOD_ENTRY	io.netty.util.HashedWheelTimeout#isExpired():boolean	96fb542e3efd6617336f	413	388	812	263
METHOD_ENTRY	io.netty.util.HashedWheelTimeout#expire():void	37a2eafe061ef45f5bd3	413	455	879	269
METHOD_ENTRY	io.netty.util.HashedWheelTimeout#run():void	85ada6030d9d21a8a8c9	413	647	1071	259
METHOD_EXIT	io.netty.util.HashedWheelTimeout#run():void	d0f048dcc7f107bd5785	455	658	1124	262
METHOD_ENTRY	io.netty.util.HashedWheelTimeout#toString():String	28bd680867917c96f33d	413	530	954	245
METHOD_EXIT	io.netty.util.HashedWheelTimeout#toString():String	97b742434f1007560a90	455	604	1070	308
METHOD_EXIT	io.netty.util.HashedWheelTimeout#expire():void	f8180c3d6b0926815b1e	455	466	932	299
METHOD_ENTRY	io.netty.util.HashedWheelBucket#addTimeout(HashedWheelTimeout):void	eeebcc507036642c59cb	413	443	867	245
METHOD_ENTRY	io.netty.util.HashedWheelBucket#expireTimeouts(long):void	71321462ed6c856aa038	413	518	942	58
METHOD_EXIT	io.netty.util.HashedWheelBucket#addTimeout(HashedWheelTimeout):void	3f6cd89f234f5acb6253	455	454	920	275
METHOD_ENTRY	io.netty.util.HashedWheelBucket#remove(HashedWheelTimeout):HashedWheelTimeout	0da56a0674093f9b3e52	413	530	954	242
METHOD_EXIT	io.netty.util.HashedWheelBucket#expireTimeouts(long):void	8f3af0d0f74d58b789f4	455	529	995	318
METHOD_EXIT	io.netty.util.HashedWheelBucket#remove(HashedWheelTimeout):HashedWheelTimeout	07f161233e11f907199e	455	610	1076	298
METHOD_ENTRY	io.netty.util.HashedWheelBucket#clearTimeouts(Set<Timeout>):void	2cacc1d16fa7f82585a6	413	442	866	208
METHOD_ENTRY	io.netty.util.HashedWheelBucket#pollTimeout():HashedWheelTimeout	782a9bd7d50619959331	413	485	909	72
METHOD_EXIT	io.netty.util.HashedWheelBucket#pollTimeout():HashedWheelTimeout	222b3e6dfffc2a2386a6	455	562	1028	293
METHOD_EXIT	io.netty.util.HashedWheelBucket#clearTimeouts(Set<Timeout>):void	9e6096760fd2daed80cd	455	453	919	243
